second,avg_latency_ms_etcdv3_gotip_nocompression,throughput_etcdv3_gotip_nocompression,cumulative_throughput_etcdv3_gotip_nocompression,avg_cpu_etcdv3_gotip_nocompression,avg_memory_mb_etcdv3_gotip_nocompression,avg_latency_ms_etcdv3_gotip_snappy,throughput_etcdv3_gotip_snappy,cumulative_throughput_etcdv3_gotip_snappy,avg_cpu_etcdv3_gotip_snappy,avg_memory_mb_etcdv3_gotip_snappy
0,70.179297,8,8,2.49,17.23,88.620413,2,2,2.37,19.45
1,82.683554,12,20,8.33,222.36,102.682660,10,12,7.17,191.62
2,85.336903,12,32,12.22,342.56,90.653996,10,22,11.00,290.06
3,85.792444,12,44,15.59,466.18,90.797737,12,34,14.23,423.32
4,83.128586,12,56,18.08,589.42,85.220737,11,45,17.08,529.23
5,81.726240,12,68,20.12,705.24,84.130577,12,57,19.43,657.73
6,85.383057,12,80,21.78,808.49,86.716056,12,69,21.21,775.59
7,82.779504,12,92,23.34,953.74,88.890971,11,80,22.76,870.32
8,145.870106,7,99,25.98,1058.05,89.833216,11,91,24.14,1022.67
9,805.899813,1,100,25.35,1108.18,115.310938,8,99,24.86,1112.78
10,667.935209,1,101,24.18,1130.05,805.121332,1,100,23.90,1136.26
11,732.541318,2,103,23.36,1160.07,668.785360,1,101,23.03,1139.38
12,799.118955,1,104,22.30,1164.55,734.216844,2,103,22.29,1144.50
13,669.108580,1,105,21.56,1166.97,800.986342,1,104,21.34,1154.43
14,732.842856,2,107,20.93,1169.62,668.905770,1,105,20.64,1165.75
15,800.157162,1,108,20.16,1172.84,734.786539,2,107,20.18,1188.73
16,667.659139,1,109,19.69,1187.78,800.476406,1,108,19.43,1194.69
17,733.793513,2,111,19.17,1191.71,667.821833,1,109,18.92,1209.24
18,799.109597,1,112,18.54,1201.58,735.243455,2,111,18.54,1211.30
19,678.879177,1,113,18.19,1206.03,800.898998,1,112,18.04,1216.27
20,734.194567,2,115,17.75,1212.50,734.482907,2,114,17.66,1221.94
21,799.552207,1,116,17.24,1227.95,668.827449,1,115,17.31,1221.94
22,668.485805,1,117,17.02,1255.36,799.249936,1,116,16.87,1231.91
23,733.927262,2,119,16.68,1257.77,735.229565,2,118,16.53,1252.11
24,806.398509,1,120,16.27,1269.81,668.269219,1,119,16.28,1272.58
25,732.838956,2,122,16.07,1303.81,820.364779,1,120,15.95,1288.86
26,668.759856,1,123,15.77,1307.49,734.702937,2,122,15.63,1297.13
27,797.802699,1,124,15.48,1326.87,668.841141,1,123,15.44,1302.47
28,734.082150,2,126,15.26,1328.35,735.115345,2,125,15.11,1306.04
29,667.471333,1,127,14.99,1338.98,799.167156,1,126,14.83,1313.05
30,800.509887,1,128,14.78,1356.00,668.419547,1,127,14.63,1320.70
31,733.439607,2,130,14.55,1356.00,735.777299,2,129,14.37,1340.14
32,668.415546,1,131,14.33,1358.50,798.284376,1,130,14.17,1358.10
33,742.404685,2,133,14.16,1389.97,669.187278,1,131,13.96,1382.78
34,799.967065,1,134,13.93,1402.10,734.154455,2,133,13.80,1382.78
35,667.869031,1,135,13.77,1404.36,819.736752,1,134,13.60,1387.53
36,732.897354,2,137,13.62,1417.85,669.884785,1,135,13.41,1394.95
37,800.494992,1,138,13.42,1436.83,736.233803,2,137,13.27,1401.49
38,667.879784,1,139,13.37,1456.64,798.727823,1,138,13.12,1417.77
39,736.459445,2,141,13.21,1462.37,666.978280,1,139,12.96,1430.35
40,801.275779,1,142,13.04,1485.59,736.993819,2,141,12.86,1449.94
41,665.455871,1,143,12.97,1511.76,800.546351,1,142,12.71,1459.92
42,733.371305,2,145,12.82,1518.84,669.761130,1,143,12.59,1487.76
43,800.738197,1,146,12.66,1520.91,734.668803,2,145,12.49,1491.52
44,667.373119,1,147,12.57,1523.43,804.712593,1,146,12.38,1523.30
45,733.108982,2,149,12.43,1526.18,733.056791,2,148,12.25,1528.26
46,800.196801,1,150,12.31,1543.01,669.281544,1,149,12.17,1533.34
47,735.241014,2,152,12.25,1570.36,799.438253,1,150,12.03,1535.37
48,666.197303,1,153,12.15,1586.12,734.306454,2,152,11.91,1540.23
49,797.712071,1,154,12.04,1601.24,667.911651,1,153,11.83,1563.17
50,733.476646,2,156,11.96,1616.50,800.540729,1,154,11.74,1587.68
51,667.555154,1,157,11.87,1630.89,735.619507,2,156,11.68,1608.37
52,799.830987,1,158,11.78,1635.40,666.749177,1,157,11.61,1639.83
53,737.307933,2,160,11.69,1635.40,734.605575,2,159,11.50,1643.54
54,665.844536,1,161,11.62,1638.14,804.187999,1,160,11.44,1646.32
55,734.346601,2,163,11.56,1678.46,670.870405,1,161,11.35,1653.89
56,799.058255,1,164,11.46,1691.87,734.665739,2,163,11.24,1653.89
57,669.036891,1,165,11.42,1694.83,799.533662,1,164,11.16,1659.37
58,733.299496,2,167,11.33,1698.63,669.228824,1,165,11.08,1668.02
59,800.422141,1,168,11.24,1701.61,734.678706,2,167,11.02,1679.02
60,667.843542,1,169,11.21,1729.80,801.354677,1,168,10.96,1708.51
61,733.900723,2,171,11.13,1734.07,669.448749,1,169,10.89,1724.36
62,800.243491,1,172,11.04,1745.55,735.166132,2,171,10.84,1738.91
63,668.190063,1,173,11.02,1760.12,801.835704,1,172,10.77,1756.03
64,733.137786,2,175,10.95,1776.08,668.789378,1,173,10.70,1763.02
65,799.415122,1,176,10.88,1789.51,736.950206,2,175,10.65,1766.68
66,669.021676,1,177,10.86,1811.69,802.229698,1,176,10.59,1792.38
67,732.533731,2,179,10.79,1817.69,667.029155,1,177,10.53,1795.74
68,803.263831,1,180,10.75,1823.34,735.160717,2,179,10.48,1803.93
69,672.102532,1,181,10.69,1831.21,803.845208,1,180,10.44,1805.13
70,734.628620,2,183,10.63,1846.23,734.394322,2,182,10.37,1807.86
71,799.145491,1,184,10.61,1879.58,668.554199,1,183,10.31,1815.09
72,732.912605,2,186,10.56,1886.86,801.117615,1,184,10.28,1832.76
73,667.403354,1,187,10.51,1900.48,736.116147,2,186,10.24,1853.36
74,800.072728,1,188,10.46,1906.17,668.149922,1,187,10.19,1902.35
75,733.460401,2,190,10.41,1906.17,797.936538,1,188,10.15,1920.20
76,667.861754,1,191,10.42,1936.70,734.738580,2,190,10.12,1921.26
77,799.103038,1,192,10.36,1952.45,669.304318,1,191,10.06,1929.82
78,733.788182,2,194,10.32,1954.47,733.917363,2,193,10.01,1929.90
79,681.828368,1,195,10.29,1958.25,800.582464,1,194,9.97,1932.49
80,733.430396,2,197,10.23,1979.03,670.687004,1,195,9.92,1938.38
81,804.228977,1,198,10.20,2014.21,735.079037,2,197,9.88,1942.27
82,661.172160,1,199,10.18,2042.24,799.129532,1,198,9.85,1946.15
83,804.991661,1,,,,670.476752,1,199,9.82,1976.01
84,,,,,,803.103564,1,,,
