unix_ts,avg_latency_ms,throughput,cumulative_throughput,cpu_1,memory_mb_1,cpu_2,memory_mb_2,cpu_3,memory_mb_3,avg_cpu,avg_memory_mb
1460827717,34.203258,18597,18597,2.74,21.88,2.28,25.60,2.66,19.08,2.56,22.19
1460827718,39.217274,22411,41008,56.87,110.88,50.93,115.11,57.26,106.20,55.02,110.73
1460827719,43.323664,19772,60780,98.01,171.44,88.70,192.44,98.88,172.07,95.20,178.65
1460827720,47.948399,20143,80923,140.89,257.00,123.73,282.24,135.77,261.18,133.46,266.81
1460827721,48.371202,19938,100861,177.22,374.76,154.98,410.10,164.84,345.70,165.68,376.85
1460827722,116.881637,4287,105148,205.60,420.14,180.07,462.06,192.30,392.38,192.66,424.86
1460827723,362.689739,1605,106753,204.49,602.99,179.29,590.96,192.52,512.91,192.10,568.95
1460827724,354.477889,1182,107935,194.22,609.38,170.89,590.96,182.68,512.91,182.60,571.08
1460827725,453.747918,1143,109078,185.11,609.38,163.39,590.96,175.09,512.91,174.53,571.08
1460827726,272.998507,1728,110806,176.72,609.38,156.64,590.96,167.31,512.91,166.89,571.08
1460827727,379.151638,1253,112059,171.75,613.99,152.49,591.65,161.37,513.17,161.87,572.94
1460827728,383.109803,1641,113700,171.14,653.68,153.82,680.31,163.72,558.27,162.89,630.75
1460827729,448.010904,1226,114926,165.25,653.68,149.06,680.31,158.42,558.27,157.58,630.75
1460827730,273.493091,1422,116348,159.50,653.68,144.67,680.31,153.10,558.27,152.42,630.75
1460827731,501.568669,1194,117542,154.44,653.68,140.53,680.31,148.38,558.27,147.78,630.75
1460827732,362.236266,1412,118954,149.72,653.68,136.93,680.31,144.33,558.27,143.66,630.75
1460827733,434.429581,1441,120395,145.66,653.68,133.68,680.31,140.82,558.52,140.05,630.84
1460827734,391.065647,1404,121799,142.92,653.90,130.58,680.57,137.41,558.52,136.97,631.00
1460827735,410.034598,1145,122944,144.02,658.78,133.49,700.81,138.12,559.58,138.54,639.72
1460827736,466.959762,730,123674,140.58,658.78,130.75,700.81,137.40,608.50,136.24,656.03
1460827737,656.698958,315,123989,136.68,658.78,126.88,700.81,133.59,608.50,132.38,656.03
1460827738,902.580544,367,124356,132.84,658.78,123.07,700.81,129.68,608.50,128.53,656.03
1460827739,701.350454,379,124735,129.11,658.78,119.35,700.81,125.88,608.50,124.78,656.03
1460827740,517.246658,238,124973,125.76,658.78,116.09,700.81,122.62,608.75,121.49,656.11
1460827741,576.011265,102,125075,122.28,658.78,112.74,700.81,119.38,609.08,118.13,656.22
1460827742,1395.858476,205,125280,119.01,658.78,109.50,700.81,116.11,609.08,114.87,656.22
1460827743,1132.561349,78,125358,115.90,658.78,106.47,700.81,112.96,609.08,111.78,656.22
1460827744,936.984817,30,125388,112.79,658.78,103.49,700.81,109.79,609.08,108.69,656.22
1460827745,1888.039621,5,125393,109.78,658.78,100.63,700.81,106.72,609.08,105.71,656.22
1460827746,789.133359,79,125472,106.90,658.78,97.92,700.81,103.76,609.08,102.86,656.22
1460827747,127.594331,34,125506,104.41,658.78,95.50,700.81,101.25,609.08,100.39,656.22
1460827748,957.946330,4,125510,101.79,658.78,93.05,700.81,98.54,609.08,97.79,656.22
1460827749,0.000000,0,125510,99.28,658.78,90.67,700.81,96.01,609.08,95.32,656.22
1460827750,300.669119,24,125534,96.96,658.78,88.46,700.81,93.61,609.08,93.01,656.22
1460827751,0.000000,0,125534,94.75,658.78,86.41,700.81,91.38,615.40,90.85,658.33
1460827752,2220.869611,1,125535,92.53,658.78,84.38,700.81,89.20,615.40,88.70,658.33
1460827753,1969.999772,1,125536,90.50,658.78,82.45,700.81,87.09,615.40,86.68,658.33
1460827754,0.000000,0,125536,88.54,658.78,80.65,700.81,85.14,615.40,84.78,658.33
1460827755,0.000000,0,125536,86.64,658.78,78.91,700.81,83.23,615.40,82.93,658.33
1460827756,0.000000,0,125536,84.85,658.78,77.20,700.81,81.41,615.40,81.15,658.33
1460827757,0.000000,0,125536,83.13,658.78,75.60,700.81,79.67,615.40,79.47,658.33
1460827758,0.000000,0,125536,81.46,658.78,74.05,700.81,78.02,615.40,77.84,658.33
1460827759,0.000000,0,125536,79.88,658.78,72.61,700.81,76.44,615.40,76.31,658.33
1460827760,0.000000,0,125536,78.35,658.78,71.17,700.81,74.89,615.40,74.80,658.33
1460827761,0.000000,0,125536,76.87,658.78,69.81,700.81,73.46,615.48,73.38,658.36
1460827762,0.000000,0,125536,75.47,658.78,68.49,700.81,72.02,615.48,71.99,658.36
1460827763,0.000000,0,125536,74.11,658.78,67.24,700.81,70.69,615.48,70.68,658.36
1460827764,0.000000,0,125536,72.80,658.78,66.03,700.81,69.38,615.48,69.40,658.36
1460827765,0.000000,0,125536,71.56,658.78,64.87,700.81,68.13,615.48,68.19,658.36
1460827766,0.000000,0,125536,70.31,658.78,63.73,700.81,66.91,615.48,66.98,658.36
1460827767,0.000000,0,125536,69.15,658.78,62.62,700.81,65.75,615.48,65.84,658.36
1460827768,0.000000,0,125536,68.00,658.78,61.58,700.81,64.63,615.48,64.74,658.36
1460827769,0.000000,0,125536,66.90,658.78,60.55,700.81,63.56,615.48,63.67,658.36
1460827770,0.000000,0,125536,65.82,658.78,59.58,700.81,62.50,615.48,62.63,658.36
1460827771,0.000000,0,125536,64.81,658.78,58.61,700.81,61.47,615.48,61.63,658.36
1460827772,0.000000,0,125536,63.80,658.78,57.72,700.81,60.51,615.48,60.68,658.36
1460827773,0.000000,0,125536,62.83,658.78,56.82,700.81,59.55,615.48,59.73,658.36
1460827774,0.000000,0,125536,61.91,658.78,55.96,700.81,58.62,615.48,58.83,658.36
1460827775,0.000000,0,125536,61.00,660.60,55.12,700.81,57.73,615.48,57.95,658.96
1460827776,0.000000,0,125536,60.11,660.60,54.31,700.81,56.88,615.48,57.10,658.96
1460827777,95.253291,7993,133529,59.40,660.60,53.68,700.81,56.20,615.48,56.43,658.96
1460827778,48.052612,17836,151365,63.74,663.38,57.80,701.97,60.68,615.48,60.74,660.28
1460827779,74.518017,13940,165305,70.52,716.60,64.61,770.57,67.17,756.82,67.43,748.00
1460827780,62.930890,15292,180597,77.96,931.49,71.03,877.34,73.53,777.74,74.17,862.19
1460827781,75.065820,11212,191809,84.43,960.58,77.46,901.34,80.29,885.54,80.73,915.82
1460827782,74.923691,14155,205964,92.27,1040.94,83.08,960.54,86.07,966.59,87.14,989.36
1460827783,80.495028,12060,218024,98.80,1048.40,89.33,994.12,92.14,966.59,93.42,1003.04
1460827784,99.562133,10515,228539,105.41,1063.46,95.41,999.73,97.38,1044.32,99.40,1035.84
1460827785,117.570793,7462,236001,112.19,1067.64,100.52,1166.64,103.39,1203.59,105.37,1145.96
1460827786,130.148535,6018,242019,117.01,1232.24,105.08,1415.00,107.32,1298.98,109.80,1315.41
1460827787,120.192416,5149,247168,120.30,1400.10,108.41,1433.43,109.64,1485.94,112.78,1439.82
1460827788,354.790805,1718,248886,123.47,1561.23,111.30,1506.28,112.09,1561.85,115.62,1543.12
1460827789,425.049347,1718,250604,124.00,1561.23,112.73,1506.28,113.38,1561.85,116.70,1543.12
1460827790,325.476083,1643,252247,124.22,1561.23,112.37,1581.96,112.89,1561.85,116.49,1568.35
1460827791,384.348512,1179,253426,123.39,1561.47,113.13,1581.96,113.26,1561.85,116.59,1568.43
1460827792,404.625396,1393,254819,124.30,1561.98,113.69,1581.96,113.64,1561.85,117.21,1568.60
1460827793,337.039483,1085,255904,125.11,1561.98,114.16,1581.96,115.26,1561.85,118.18,1568.60
1460827794,470.152599,1120,257024,124.22,1561.98,113.36,1581.96,114.43,1561.85,117.34,1568.60
1460827795,445.292592,1404,258428,123.35,1561.98,112.71,1581.96,113.75,1561.85,116.60,1568.60
1460827796,511.246509,868,259296,122.41,1561.98,112.24,1581.96,113.03,1561.85,115.89,1568.60
1460827797,685.638887,309,259605,121.31,1561.98,111.46,1581.96,112.06,1561.85,114.94,1568.60
1460827798,742.089372,450,260055,120.18,1561.98,110.41,1581.96,111.07,1561.85,113.89,1568.60
1460827799,508.699434,307,260362,119.12,1561.98,109.31,1581.96,110.00,1561.85,112.81,1568.60
1460827800,569.548273,353,260715,118.13,1561.98,108.43,1581.96,109.14,1561.85,111.90,1568.60
1460827801,826.076962,140,260855,117.00,1561.98,107.36,1581.96,108.28,1561.85,110.88,1568.60
1460827802,543.485166,251,261106,115.93,1561.98,106.34,1581.96,107.36,1561.85,109.88,1568.60
1460827803,965.674302,143,261249,114.86,1561.98,105.32,1581.96,106.42,1561.85,108.87,1568.60
1460827804,1644.401208,25,261274,113.73,1561.98,104.26,1581.96,105.36,1561.85,107.78,1568.60
1460827805,575.984174,102,261376,112.64,1561.98,103.22,1581.96,104.38,1561.85,106.75,1568.60
1460827806,683.929345,48,261424,111.57,1561.98,102.22,1581.96,103.39,1561.85,105.73,1568.60
1460827807,236.879433,46,261470,110.49,1561.98,101.21,1581.96,102.36,1561.85,104.69,1568.60
1460827808,290.180991,47,261517,109.42,1561.98,100.21,1581.96,101.36,1561.85,103.66,1568.60
1460827809,358.163660,41,261558,108.43,1561.98,99.27,1581.96,100.44,1561.85,102.71,1568.60
1460827810,1232.673731,6,261564,107.37,1561.98,98.31,1581.96,99.46,1561.85,101.71,1568.60
1460827811,0.000000,0,261564,106.35,1561.98,97.35,1581.96,98.48,1561.85,100.73,1568.60
1460827812,1895.469619,4,261568,105.33,1561.98,96.42,1581.96,97.51,1561.85,99.75,1568.60
1460827813,226.391314,36,261604,104.37,1561.98,95.54,1581.96,96.61,1561.85,98.84,1568.60
1460827814,172.487405,3,261607,103.42,1561.98,94.66,1581.96,95.71,1561.85,97.93,1568.60
1460827815,673.552436,12,261619,102.46,1561.98,93.78,1581.96,94.81,1561.85,97.02,1568.60
1460827816,428.060058,4,261623,101.55,1561.98,92.94,1581.96,93.92,1561.85,96.14,1568.60
1460827817,477.499613,6,261629,100.65,1561.98,92.09,1581.96,93.07,1561.85,95.27,1568.60
1460827818,0.000000,0,261629,99.74,1561.98,91.24,1581.96,92.21,1561.85,94.40,1568.60
1460827819,0.000000,0,261629,98.85,1561.98,90.42,1581.96,91.37,1561.85,93.55,1568.60
1460827820,0.000000,0,261629,97.98,1561.98,89.62,1581.96,90.55,1561.85,92.72,1568.60
1460827821,0.000000,0,261629,97.13,1561.98,88.83,1581.96,89.74,1561.85,91.90,1568.60
1460827822,0.000000,0,261629,96.29,1561.98,88.05,1581.96,88.94,1561.85,91.09,1568.60
1460827823,0.000000,0,261629,95.46,1561.98,87.28,1581.96,88.16,1561.85,90.30,1568.60
1460827824,0.000000,0,261629,94.66,1561.98,86.53,1581.96,87.39,1561.85,89.53,1568.60
1460827825,0.000000,0,261629,93.85,1561.98,85.79,1581.96,86.63,1561.85,88.76,1568.60
1460827826,0.000000,0,261629,93.07,1561.98,85.07,1581.96,85.89,1561.85,88.01,1568.60
1460827827,0.000000,0,261629,92.29,1561.98,84.35,1581.96,85.17,1561.85,87.27,1568.60
1460827828,0.000000,0,261629,91.53,1561.98,83.65,1581.96,84.44,1561.85,86.54,1568.60
1460827829,0.000000,0,261629,90.79,1561.98,82.95,1581.96,83.75,1561.85,85.83,1568.60
1460827830,0.000000,0,261629,90.06,1561.98,82.28,1581.96,83.04,1561.85,85.13,1568.60
1460827831,0.000000,0,261629,89.33,1561.98,81.61,1581.96,82.37,1561.85,84.44,1568.60
1460827832,0.000000,0,261629,88.62,1561.98,80.95,1581.96,81.70,1561.85,83.76,1568.60
1460827833,0.000000,0,261629,87.91,1561.98,80.30,1581.96,81.05,1561.85,83.09,1568.60
1460827834,0.000000,0,261629,87.23,1561.98,79.67,1581.96,80.40,1561.85,82.43,1568.60
1460827835,0.000000,0,261629,86.55,1561.98,79.05,1581.96,79.76,1561.85,81.79,1568.60
1460827836,0.000000,0,261629,85.88,1561.98,78.43,1581.96,79.14,1561.85,81.15,1568.60
1460827837,250.312741,2759,264388,85.34,1561.98,77.92,1581.96,78.63,1561.85,80.63,1568.60
1460827838,58.134217,15740,280128,87.77,1561.98,79.79,1581.96,80.41,1563.15,82.66,1569.03
1460827839,98.127581,10373,290501,91.26,1561.98,82.85,1581.96,84.02,1563.15,86.04,1569.03
1460827840,101.264616,9632,300133,95.24,1563.03,86.18,1587.60,87.30,1608.44,89.57,1586.36
1460827841,87.110929,11082,311215,99.43,1656.32,89.91,1625.55,91.04,1612.54,93.46,1631.47
1460827842,152.977370,6406,317621,103.04,1673.52,93.56,1787.16,95.06,1641.16,97.22,1700.61
1460827843,108.400519,9078,326699,107.14,1788.69,97.16,1787.62,98.68,1756.68,100.99,1777.66
1460827844,119.019501,6736,333435,110.49,2017.80,100.76,1948.33,102.11,1836.55,104.45,1934.23
1460827845,104.971535,9721,343156,114.25,2312.91,104.30,1948.33,105.46,1838.63,108.00,2033.29
1460827846,94.707697,9619,352775,117.90,2312.91,107.60,1948.33,108.90,1838.63,111.47,2033.29
1460827847,113.797390,10342,363117,121.26,2312.91,110.90,1948.33,112.01,1861.40,114.72,2040.88
1460827848,205.042254,5065,368182,124.92,2355.40,113.77,2240.96,115.21,2090.10,117.97,2228.82
1460827849,62.644698,10086,378268,129.05,2355.40,116.85,2247.35,118.39,2143.81,121.43,2248.85
1460827850,174.100003,6043,384311,131.95,2555.92,120.41,2248.84,122.05,2144.40,124.80,2316.39
1460827851,295.431805,2371,386682,135.27,2556.58,123.28,2248.84,124.90,2447.79,127.82,2417.74
1460827852,337.597552,1902,388584,137.79,2560.56,124.54,2524.74,126.28,2488.71,129.54,2524.67
1460827853,506.409562,788,389372,139.25,2560.56,126.08,2697.41,127.64,2639.77,130.99,2632.58
1460827854,792.648613,268,389640,139.79,2632.24,126.78,2697.41,128.26,2793.72,131.61,2707.79
1460827855,751.628664,752,390392,139.16,2632.24,126.12,2697.41,127.56,2793.72,130.95,2707.79
1460827856,368.254714,1691,392083,138.51,2632.24,125.59,2697.41,127.02,2793.72,130.37,2707.79
1460827857,348.867184,1676,393759,138.35,2632.24,125.58,2697.41,126.68,2793.72,130.20,2707.79
1460827858,383.910071,1484,395243,138.36,2632.24,125.74,2697.41,126.79,2793.72,130.30,2707.79
1460827859,282.713891,1100,396343,139.19,2632.24,126.65,2697.41,127.08,2793.72,130.97,2707.79
1460827860,773.854367,398,396741,139.59,2632.24,126.40,2697.41,127.50,2793.72,131.16,2707.79
1460827861,897.548468,3,396744,138.72,2632.24,125.72,2697.41,126.99,2793.72,130.48,2707.79
1460827862,991.625251,25,396769,137.85,2632.24,125.04,2697.41,126.31,2793.72,129.73,2707.79
1460827863,444.790953,784,397553,137.04,2632.24,124.44,2697.41,125.58,2793.72,129.02,2707.79
1460827864,295.342628,663,398216,136.30,2632.24,123.93,2697.41,124.84,2793.72,128.36,2707.79
1460827865,332.609713,836,399052,135.58,2632.24,123.45,2697.41,124.44,2793.72,127.82,2707.79
1460827866,355.682912,966,400018,134.96,2632.24,122.96,2697.41,124.03,2793.72,127.32,2707.79
1460827867,471.599246,627,400645,134.71,2632.24,123.22,2697.41,123.52,2793.72,127.15,2707.79
1460827868,761.326205,665,401310,134.63,2632.24,123.23,2697.41,123.42,2793.72,127.09,2707.79
1460827869,536.456613,561,401871,134.56,2638.38,123.92,2697.41,123.95,2793.72,127.48,2709.84
1460827870,779.544272,286,402157,135.50,2638.38,125.04,2706.09,123.90,2793.72,128.15,2712.73
1460827871,589.899060,243,402400,134.93,2638.38,124.48,2706.09,124.03,2793.72,127.81,2712.73
1460827872,296.824582,42,402442,134.17,2638.38,123.79,2706.09,123.33,2793.72,127.10,2712.73
1460827873,1122.523352,43,402485,133.38,2638.38,123.06,2706.09,122.59,2793.72,126.34,2712.73
1460827874,720.105919,19,402504,132.61,2638.38,122.35,2706.09,121.87,2793.72,125.61,2712.73
1460827875,576.777535,46,402550,131.87,2638.38,121.65,2706.09,121.18,2793.72,124.90,2712.73
1460827876,1024.909022,20,402570,131.13,2638.38,120.95,2706.09,120.47,2793.72,124.18,2712.73
1460827877,1361.508829,8,402578,130.37,2638.38,120.24,2706.09,119.76,2793.72,123.46,2712.73
1460827878,863.083128,19,402597,129.64,2638.38,119.55,2706.09,119.06,2793.72,122.75,2712.73
1460827879,795.863722,19,402616,128.91,2638.38,118.87,2706.09,118.38,2793.72,122.05,2712.73
1460827880,292.648019,8,402624,128.18,2638.38,118.19,2706.09,117.70,2793.72,121.36,2712.73
1460827881,2774.236586,6,402630,127.45,2638.38,117.51,2706.09,117.02,2793.72,120.66,2712.73
1460827882,628.573503,3,,,,,,,,,
