unix_ts,avg_latency_ms,throughput,cumulative_throughput,cpu_1,memory_mb_1,cpu_2,memory_mb_2,cpu_3,memory_mb_3,avg_cpu,avg_memory_mb
1460456666,87.174522,3905,3905,2.74,15.97,2.28,17.93,1.16,16.03,2.06,16.64
1460456667,105.778284,9787,13692,40.86,64.99,26.15,48.83,27.49,42.05,31.50,51.96
1460456668,105.237888,9536,23228,69.79,83.81,43.52,63.18,47.38,60.67,53.56,69.22
1460456669,104.353974,9633,32861,97.55,107.82,57.73,83.81,65.52,78.79,73.60,90.14
1460456670,109.422231,9056,41917,119.09,122.60,68.63,85.97,78.74,84.88,88.82,97.82
1460456671,109.612574,9180,51097,137.57,145.75,77.82,106.70,88.75,101.76,101.38,118.07
1460456672,105.218514,9553,60650,155.37,167.13,85.51,122.62,96.09,119.82,112.32,136.52
1460456673,112.767406,8845,69495,169.36,158.69,92.88,114.65,103.91,113.62,122.05,128.99
1460456674,105.557075,9448,78943,182.34,183.48,98.40,135.76,108.27,126.04,129.67,148.43
1460456675,107.883632,9181,88124,194.32,210.36,102.87,149.29,114.24,150.76,137.14,170.14
1460456676,104.175043,9472,97596,204.31,231.20,108.50,173.19,118.53,168.20,143.78,190.86
1460456677,104.647306,9664,107260,212.99,251.25,112.80,192.40,123.00,193.39,149.60,212.35
1460456678,111.421666,8931,116191,220.90,274.39,116.33,209.80,125.94,208.60,154.39,230.93
1460456679,103.808298,9797,125988,227.91,300.69,119.34,230.16,129.25,223.74,158.83,251.53
1460456680,111.796712,8790,134778,235.11,269.54,122.32,191.94,133.03,192.90,163.49,218.13
1460456681,108.717383,9051,143829,240.03,284.31,124.98,211.58,134.73,210.60,166.58,235.50
1460456682,106.896961,9549,153378,246.58,317.33,126.84,221.48,137.73,229.50,170.38,256.10
1460456683,112.581483,8921,162299,250.20,334.36,129.50,250.00,139.09,243.50,172.93,275.95
1460456684,109.452808,9108,171407,254.29,354.16,131.47,264.14,142.20,269.94,175.99,296.08
1460456685,101.575304,9938,181345,259.37,387.45,132.87,282.62,143.70,283.90,178.65,317.99
1460456686,107.971778,9114,190459,263.28,408.10,135.67,310.07,145.47,300.27,181.47,339.48
1460456687,112.022366,9024,199483,266.39,428.00,136.89,325.54,146.93,314.28,183.40,355.94
1460456688,105.833359,9484,208967,269.81,449.84,138.27,341.24,148.18,333.41,185.42,374.83
1460456689,106.582173,8822,217789,273.57,474.94,139.88,361.22,149.59,350.73,187.68,395.63
1460456690,107.239705,9619,227408,276.26,496.43,141.01,376.78,150.78,371.52,189.35,414.91
1460456691,105.653934,9315,236723,279.10,517.37,142.35,396.05,152.20,386.99,191.22,433.47
1460456692,97.934097,10631,247354,282.43,542.34,143.75,415.74,153.98,407.51,193.39,455.20
1460456693,108.413944,9152,256506,285.07,568.61,144.99,435.75,155.10,427.16,195.05,477.17
1460456694,101.847457,9801,266307,288.19,470.84,146.35,349.76,156.51,343.20,197.02,387.93
1460456695,108.060448,9308,275615,290.96,498.37,147.69,373.13,157.84,365.75,198.83,412.42
1460456696,117.573464,8566,284181,293.50,525.24,147.35,384.18,159.04,386.89,199.96,432.10
1460456697,113.357914,8742,292923,293.70,543.54,148.62,398.43,160.14,407.02,200.82,449.66
1460456698,93.100544,10797,303720,295.99,556.54,149.74,421.62,159.78,409.28,201.84,462.48
1460456699,111.117902,8999,312719,298.45,579.83,150.65,445.96,160.94,430.26,203.35,485.35
1460456700,111.528478,8933,321652,300.19,607.63,150.55,471.73,162.28,457.48,204.34,512.28
1460456701,99.970594,9718,331370,300.44,609.06,151.73,478.58,163.74,482.85,205.30,523.50
1460456702,111.253795,9317,340687,302.58,637.14,152.85,498.30,163.74,484.76,206.39,540.07
1460456703,126.112549,7738,348425,303.32,664.32,154.03,524.33,164.83,508.90,207.39,565.85
1460456704,96.139712,10527,358952,304.15,667.44,153.81,529.67,165.90,537.35,207.95,578.15
1460456705,116.120816,8642,367594,305.97,693.35,154.89,555.50,165.94,541.74,208.93,596.86
1460456706,105.415138,8753,376347,305.64,696.53,155.42,585.79,167.36,567.88,209.47,616.73
1460456707,112.501505,9525,385872,307.31,725.00,155.74,591.18,167.06,580.09,210.04,632.09
1460456708,123.221898,8036,393908,308.18,755.57,157.26,615.76,168.68,596.47,211.37,655.93
1460456709,95.872954,10725,404633,308.98,757.83,157.08,618.40,169.82,626.66,211.96,667.63
1460456710,112.596837,8832,413465,310.87,787.21,158.23,648.69,169.53,631.68,212.88,689.19
1460456711,95.856536,10244,423709,311.00,792.40,158.60,664.85,171.21,662.09,213.60,706.45
1460456712,129.809571,7609,431318,312.53,822.19,160.22,684.68,170.76,666.76,214.50,724.54
1460456713,128.104722,7868,439186,311.73,823.84,159.85,688.18,171.65,697.62,214.41,736.55
1460456714,140.563088,7110,446296,312.76,857.01,161.09,714.86,170.74,699.10,214.86,756.99
1460456715,121.933941,8128,454424,311.94,861.64,160.68,717.66,171.55,731.04,214.72,770.11
1460456716,138.912836,7206,461630,312.75,890.84,161.97,750.00,170.86,734.69,215.19,791.84
1460456717,125.483593,8161,469791,312.60,893.82,161.44,751.95,169.82,743.56,214.62,796.44
1460456718,120.981513,7006,476797,312.12,925.96,161.33,781.12,170.82,768.82,214.76,825.30
1460456719,148.102412,7515,484312,313.23,931.62,162.44,790.07,169.60,773.53,215.09,831.74
1460456720,120.873913,8471,492783,312.78,935.98,162.17,792.70,170.72,806.58,215.22,845.09
1460456721,140.938718,7016,499799,313.95,964.06,162.73,822.99,169.75,810.41,215.48,865.82
1460456722,104.083593,9924,509723,313.99,969.76,162.53,827.53,169.40,820.49,215.31,872.59
1460456723,121.730402,8128,517851,315.43,999.59,162.16,855.45,170.23,849.26,215.94,901.43
1460456724,98.004340,10024,527875,315.53,777.55,163.58,657.64,170.06,646.16,216.39,693.78
1460456725,122.887194,8340,536215,316.73,811.02,162.94,662.50,170.74,680.17,216.80,717.90
1460456726,95.175591,10485,546700,316.73,816.74,164.34,700.03,170.67,686.76,217.25,734.51
1460456727,124.186468,7877,554577,318.22,851.85,163.79,701.76,171.77,721.25,217.93,758.29
1460456728,106.201642,9625,564202,317.93,857.47,164.87,744.04,171.37,724.92,218.06,775.48
1460456729,115.292773,8659,572861,319.19,892.07,164.62,748.84,171.19,732.17,218.33,791.03
1460456730,103.205584,9808,582669,319.48,895.96,164.27,772.06,172.24,768.98,218.66,812.33
1460456731,99.736383,9714,592383,319.58,909.16,165.34,790.56,171.97,773.70,218.96,824.47
1460456732,124.689098,8153,600536,320.96,939.24,164.75,793.36,172.49,813.56,219.40,848.72
1460456733,95.295467,10475,611011,320.98,942.20,166.02,833.00,172.67,819.25,219.89,864.82
1460456734,124.410038,8000,619011,322.37,979.67,165.48,837.38,172.10,820.95,219.98,879.33
1460456735,98.509746,10120,629131,322.25,985.22,165.46,845.80,173.43,865.32,220.38,898.78
1460456736,101.024673,8284,637415,322.59,1025.41,166.76,885.56,173.19,866.72,220.85,925.90
1460456737,117.849338,9720,647135,323.41,1029.39,166.22,889.59,172.68,887.40,220.77,935.46
1460456738,96.827236,10510,657645,323.40,1033.22,166.75,934.79,174.04,919.26,221.40,962.42
1460456739,121.919492,8314,665959,324.77,1076.46,167.17,939.67,173.61,920.60,221.85,978.91
1460456740,98.087138,10006,675965,324.84,1082.35,167.16,943.06,174.56,964.58,222.19,996.66
1460456741,98.672841,8190,684155,325.41,1124.95,168.50,984.07,174.74,968.39,222.88,1025.80
1460456742,123.830332,9656,693811,325.97,1127.02,168.20,990.71,174.01,977.29,222.73,1031.67
1460456743,100.319307,9922,703733,325.71,1130.44,168.19,996.06,174.94,1020.87,222.95,1049.12
1460456744,125.075295,8097,711830,326.94,1174.47,169.46,1042.76,174.91,1025.62,223.77,1080.95
1460456745,93.640311,10620,722450,327.08,1179.74,169.49,1044.46,174.88,1029.23,223.82,1084.48
1460456746,101.703108,9792,732242,326.83,1181.62,169.40,1054.00,176.01,1078.02,224.08,1104.55
1460456747,129.218882,7864,740106,328.01,1228.64,170.43,1101.54,175.84,1080.34,224.76,1136.84
1460456748,100.152828,9837,749943,327.78,1230.56,170.80,1107.30,175.70,1086.40,224.76,1141.42
1460456749,98.834883,10079,760022,327.65,1239.96,170.75,1110.43,175.94,1133.22,224.78,1161.20
1460456750,137.823899,7067,767089,328.83,1284.65,170.18,1157.78,176.70,1137.39,225.24,1193.27
1460456751,97.979679,10478,777567,328.68,1289.67,171.48,1163.76,176.50,1143.20,225.55,1198.88
1460456752,100.523339,10015,787582,328.49,1295.31,171.29,1171.58,176.50,1164.19,225.43,1210.36
1460456753,129.198891,7649,795231,329.86,1344.88,170.80,1176.36,177.64,1196.36,226.10,1239.20
1460456754,94.372309,10845,806076,329.85,1346.83,172.09,1222.65,177.66,1201.99,226.53,1257.16
1460456755,93.620122,10569,816645,329.83,1348.77,171.98,1223.78,177.66,1213.36,226.49,1261.97
1460456756,143.524001,6970,823615,329.72,1354.77,171.34,1233.91,178.78,1259.72,226.61,1282.80
1460456757,97.296174,10255,833870,331.04,1406.12,172.58,1282.43,178.86,1264.30,227.49,1317.62
1460456758,100.079908,9744,843614,330.89,1409.56,172.67,1286.74,178.67,1271.76,227.41,1322.69
1460456759,136.066631,7551,851165,330.68,1415.64,172.16,1291.32,178.20,1278.45,227.01,1328.47
1460456760,106.325627,9170,860335,331.80,1460.88,172.07,1305.92,179.59,1325.62,227.82,1364.14
1460456761,124.293416,8156,868491,331.55,1463.00,173.55,1351.18,179.24,1333.39,228.11,1382.52
1460456762,97.262699,10170,878661,330.74,1468.78,173.59,1356.00,179.18,1342.02,227.84,1388.93
1460456763,149.025655,6536,885197,330.76,1517.54,173.01,1359.96,178.76,1376.85,227.51,1418.12
1460456764,98.232864,9596,894793,331.74,1521.80,173.13,1415.94,180.26,1395.67,228.38,1444.47
1460456765,117.740528,9287,904080,331.34,1528.04,174.34,1422.70,179.96,1402.32,228.55,1451.02
1460456766,146.486638,6859,910939,331.04,1531.52,173.72,1425.28,179.56,1407.79,228.11,1454.86
1460456767,102.575100,9457,920396,331.99,1589.22,173.54,1434.34,179.46,1452.18,228.33,1491.91
1460456768,108.585192,8885,929281,331.93,1592.24,173.38,1486.14,180.84,1464.94,228.72,1514.44
1460456769,118.546399,9078,938359,331.34,1593.14,174.94,1491.80,180.58,1474.23,228.95,1519.72
1460456770,136.895745,7194,945553,331.06,1602.42,174.45,1494.08,180.09,1474.23,228.53,1523.58
1460456771,97.699957,10240,955793,332.28,1649.17,174.38,1500.49,180.02,1511.70,228.89,1553.79
1460456772,104.464299,9355,965148,332.20,1654.08,174.36,1546.15,181.42,1537.14,229.33,1579.12
1460456773,134.996394,7532,972680,331.92,1659.44,175.80,1558.34,180.95,1541.92,229.56,1586.57
1460456774,178.739333,5448,978128,331.40,1661.67,175.13,1563.71,180.17,1547.06,228.90,1590.81
1460456775,133.618927,7616,985744,332.41,1712.63,174.74,1566.55,179.59,1548.97,228.91,1609.38
1460456776,113.061019,8772,994516,331.89,1716.24,174.60,1571.67,179.32,1602.27,228.60,1630.06
1460456777,124.495601,5484,,,,,,,,,
