unix_ts,avg_latency_ms,throughput,cumulative_throughput,cpu_1,memory_mb_1,cpu_2,memory_mb_2,cpu_3,memory_mb_3,avg_cpu,avg_memory_mb
1462035600,22.024949,3462,3462,3.24,22.63,2.57,15.08,2.33,14.91,2.71,17.54
1462035601,24.122509,41089,44551,57.48,75.69,48.13,70.03,51.57,69.87,52.39,71.86
1462035602,26.908204,36677,81228,102.79,89.67,82.48,86.31,88.67,85.38,91.31,87.12
1462035603,25.361087,39451,120679,140.89,100.80,112.57,105.27,123.37,94.74,125.61,100.27
1462035604,25.595176,38374,159053,173.09,114.02,136.99,110.53,149.55,107.60,153.21,110.72
1462035605,27.374747,36759,195812,199.08,129.70,156.11,118.68,171.01,121.81,175.40,123.40
1462035606,27.591246,35431,231243,221.87,140.19,172.91,138.20,187.87,137.60,194.22,138.66
1462035607,27.063254,36779,268022,241.86,151.88,187.11,148.32,203.07,151.60,210.68,150.60
1462035608,28.794151,35086,303108,258.44,169.64,199.47,164.03,215.22,161.18,224.38,164.95
1462035609,28.461286,34743,337851,272.43,183.08,209.77,176.98,225.63,174.14,235.94,178.07
1462035610,29.287763,33680,371531,286.05,196.66,218.75,187.75,234.99,186.72,246.60,190.38
1462035611,27.631647,36464,407995,297.90,212.26,227.77,202.92,243.47,198.28,256.38,204.49
1462035612,29.572743,33039,441034,308.67,225.28,235.46,215.08,250.58,212.48,264.90,217.61
1462035613,28.576700,35351,476385,318.13,235.00,242.96,225.56,258.42,226.29,273.17,228.95
1462035614,27.141324,36866,513251,327.82,251.00,248.86,238.59,263.35,240.83,280.01,243.47
1462035615,28.617774,34805,548056,336.70,264.80,254.39,246.76,268.03,260.02,286.37,257.19
1462035616,27.356342,36360,584416,344.21,269.32,259.96,269.14,272.88,276.06,292.35,271.51
1462035617,31.371097,31276,615692,350.80,284.48,263.96,287.72,274.62,281.90,296.46,284.70
1462035618,31.743115,31769,647461,356.44,294.04,267.26,289.38,277.30,291.91,300.33,291.78
1462035619,32.765793,30470,677931,361.93,308.73,268.98,299.93,280.28,299.44,303.73,302.70
1462035620,31.440438,31702,709633,367.02,320.75,272.20,314.54,281.80,308.21,307.01,314.50
1462035621,29.024955,32342,741975,371.64,339.34,274.93,317.21,284.99,327.23,310.52,327.93
1462035622,30.333544,34563,776538,376.01,340.06,278.47,337.21,287.02,338.06,313.83,338.44
1462035623,33.546823,29320,805858,380.25,360.19,279.52,347.44,288.29,352.72,316.02,353.45
1462035624,28.462709,34400,840258,382.34,365.16,282.56,358.98,291.04,364.99,318.65,363.04
1462035625,31.953827,32222,872480,384.42,370.13,284.01,364.24,292.26,373.25,320.23,369.21
1462035626,29.808120,32427,904907,388.57,381.64,285.47,369.49,295.92,387.70,323.32,379.61
1462035627,27.854833,36879,941786,392.39,392.85,286.82,383.94,298.22,402.14,325.81,392.98
1462035628,29.001289,34336,976122,395.96,397.52,289.17,394.49,299.68,409.86,328.27,400.62
1462035629,26.345587,37817,1013939,400.64,424.14,292.38,410.66,302.08,431.76,331.70,422.19
1462035630,29.466402,33733,1047672,404.09,429.93,294.55,415.84,304.07,445.28,334.24,430.35
1462035631,27.368272,36278,1083950,408.12,441.14,295.75,435.10,305.81,456.47,336.56,444.24
1462035632,27.373191,34372,1118322,411.20,463.85,297.64,438.11,306.87,475.28,338.57,459.08
1462035633,30.361438,34152,1152474,414.68,469.92,298.98,450.56,307.97,482.94,340.54,467.81
1462035634,25.761645,37773,1190247,417.31,480.12,301.24,466.72,310.93,491.72,343.16,479.52
1462035635,27.912586,35809,1226056,419.98,497.85,303.25,487.74,312.37,506.79,345.20,497.46
1462035636,29.081531,34481,1260537,423.16,506.76,304.48,498.24,313.14,523.51,346.93,509.50
1462035637,28.136749,34907,1295444,426.26,517.89,306.55,522.60,314.32,529.42,349.04,523.30
1462035638,26.809444,36918,1332362,428.64,534.64,307.96,525.25,316.07,547.70,350.89,535.86
1462035639,29.017398,35378,1367740,431.30,543.41,309.54,533.25,317.29,557.29,352.71,544.65
1462035640,28.818389,34758,1402498,433.59,556.65,310.04,548.19,318.41,566.65,354.01,557.16
1462035641,31.586100,31589,1434087,435.77,572.44,310.36,551.93,318.92,577.84,355.02,567.40
1462035642,30.953505,32074,1466161,437.72,582.60,310.99,570.58,319.42,589.03,356.04,580.74
1462035643,28.029292,34174,1500335,439.57,600.58,311.66,592.08,320.27,592.66,357.17,595.11
1462035644,29.435328,35356,1535691,441.37,613.43,312.64,606.70,321.46,604.67,358.49,608.27
1462035645,27.102353,36588,1572279,443.35,621.19,312.32,612.38,321.83,605.88,359.17,613.15
1462035646,31.214907,32126,1604405,445.51,639.96,313.59,616.72,324.00,618.12,361.03,624.93
1462035647,30.751382,32487,1636892,446.71,648.78,314.46,632.82,324.65,632.89,361.94,638.16
1462035648,30.827061,31335,1668227,448.38,652.46,315.21,645.90,325.65,657.72,363.08,652.03
1462035649,30.674014,33297,1701524,449.91,663.86,314.53,648.50,326.15,668.01,363.53,660.12
1462035650,29.691156,33649,1735173,451.47,673.16,315.54,666.28,325.91,670.17,364.31,669.87
1462035651,26.805545,36891,1772064,453.06,684.77,316.49,680.29,326.59,686.21,365.38,683.76
1462035652,28.384449,34927,1806991,454.83,707.97,317.59,699.18,328.46,709.60,366.96,705.58
1462035653,28.696687,32587,1839578,456.61,720.72,317.53,701.50,328.89,726.62,367.68,716.28
1462035654,27.662290,38209,1877787,458.16,739.37,318.58,719.03,328.71,732.26,368.48,730.22
1462035655,26.519245,36227,1914014,459.53,749.30,320.02,734.34,330.22,742.05,369.92,741.90
1462035656,29.286711,35680,1949694,460.97,760.79,320.49,737.35,331.36,761.45,370.94,753.20
1462035657,30.054770,33012,1982706,462.47,767.12,322.25,749.27,331.24,764.11,371.99,760.17
1462035658,22.879283,17294,,,,,,,,,
