unix_ts,avg_latency_ms,throughput,cumulative_throughput,cpu_1,memory_mb_1,cpu_2,memory_mb_2,cpu_3,memory_mb_3,avg_cpu,avg_memory_mb
1460764549,13.275097,7819,7819,7.61,55.34,7.83,65.47,8.64,57.10,8.03,59.30
1460764550,21.311922,24066,31885,42.90,149.71,78.30,164.84,56.27,150.98,59.16,155.18
1460764551,50.293177,17732,49617,64.67,235.78,126.16,257.87,82.17,236.96,91.00,243.54
1460764552,40.145131,31036,80653,70.60,253.50,138.09,389.88,86.05,258.27,98.25,300.55
1460764553,25.499052,39190,119843,82.96,393.44,171.53,440.57,101.30,398.20,118.60,410.74
1460764554,22.948315,43748,163591,92.86,436.91,198.26,683.18,112.24,440.76,134.45,520.28
1460764555,24.168076,40418,204009,104.63,701.80,222.85,741.13,125.00,703.69,150.83,715.54
1460764556,25.629938,39778,243787,109.18,701.85,238.03,1043.13,128.91,703.69,158.71,816.22
1460764557,20.731086,48217,292004,118.45,782.01,256.72,1050.00,138.46,783.82,171.21,871.94
1460764558,22.316890,44640,336644,124.94,966.33,274.14,1132.22,144.68,966.10,181.25,1021.55
1460764559,24.021441,29000,365644,132.10,1102.50,285.98,1304.48,152.21,1106.06,190.10,1171.01
1460764560,36.623751,32898,398542,131.57,1103.34,302.77,1616.88,150.73,1106.45,195.02,1275.56
1460764561,43.769839,25107,423649,150.65,1230.60,301.78,1616.96,171.37,1232.08,207.93,1359.88
1460764562,24.806659,40204,463853,154.56,1230.75,310.52,1616.96,175.67,1232.76,213.58,1360.16
1460764563,20.325375,48960,512813,156.39,1230.75,319.51,1684.58,176.63,1232.76,217.51,1382.70
1460764564,25.046275,39104,551917,159.34,1470.38,327.96,1684.58,179.31,1460.20,222.20,1538.39
1460764565,188.281585,5409,557326,160.95,1660.56,338.47,1748.51,180.57,1663.70,226.66,1690.92
1460764566,24.165937,41093,598419,158.44,1660.56,347.80,1780.56,177.21,1663.70,227.82,1701.61
1460764567,21.776962,44871,643290,160.68,1660.56,353.97,1780.56,179.32,1663.70,231.32,1701.61
1460764568,22.666733,28728,672018,162.63,1660.56,360.67,1790.71,181.10,1663.70,234.80,1704.99
1460764569,68.825971,19875,691893,180.16,1776.57,352.23,1790.71,198.58,1784.04,243.66,1783.77
1460764570,21.440684,46486,738379,183.98,1777.31,354.72,1790.71,204.02,1784.83,247.57,1784.28
1460764571,19.391770,48421,786800,188.10,1777.77,361.10,1805.43,205.23,1784.83,251.48,1789.34
1460764572,24.500590,43010,829810,193.95,1843.28,365.13,1805.96,206.39,1796.62,255.16,1815.29
1460764573,21.725389,46112,875922,197.51,1843.28,373.13,1898.69,207.94,1840.44,259.53,1860.80
1460764574,26.899096,36958,912880,199.34,1843.22,378.70,1898.69,207.94,1840.44,261.99,1860.78
1460764575,21.084884,47500,960380,200.53,1906.72,384.39,1915.73,210.99,1840.71,265.30,1887.72
1460764576,22.252081,28951,989331,201.45,1906.81,390.04,1915.89,216.43,1912.11,269.31,1911.60
1460764577,0.000000,0,989331,197.45,1906.81,399.69,2046.67,214.39,1912.11,270.51,1955.20
1460764578,73.318064,32158,1021489,192.94,1906.81,404.07,2048.30,210.82,1912.05,269.28,1955.72
1460764579,19.415067,22199,1043688,193.60,1940.71,407.51,2048.27,211.23,1912.05,270.78,1967.01
1460764580,0.000000,0,1043688,208.59,2057.59,397.06,2048.27,226.57,2049.66,277.41,2051.84
1460764581,72.893174,35190,1078878,215.30,2059.02,390.88,2048.27,232.95,2051.06,279.71,2052.78
1460764582,20.260790,49276,1128154,214.95,2059.02,394.42,2048.52,232.28,2051.06,280.55,2052.87
1460764583,25.612669,38051,1166205,214.93,2059.02,397.16,2048.52,231.95,2051.06,281.35,2052.87
1460764584,21.228712,47921,1214126,215.76,2059.15,399.81,2049.04,232.91,2051.12,282.83,2053.10
1460764585,22.316548,44838,1258964,216.13,2059.15,402.92,2049.04,233.18,2051.12,284.08,2053.10
1460764586,24.659420,40553,1299517,216.01,2059.15,406.25,2071.35,232.78,2051.12,285.01,2060.54
1460764587,24.370083,40646,1340163,217.46,2078.82,407.70,2071.35,233.88,2067.68,286.35,2072.62
1460764588,21.755973,46256,1386419,216.95,2078.82,410.50,2124.76,233.18,2067.68,286.88,2090.42
1460764589,26.762262,37169,1423588,216.92,2078.82,413.20,2118.24,232.87,2067.68,287.66,2088.25
1460764590,25.771435,38731,1462319,218.27,2168.49,413.55,2118.24,234.10,2155.20,288.64,2147.31
1460764591,24.469144,40758,1503077,217.56,2168.49,417.14,2143.74,233.08,2155.20,289.26,2155.81
1460764592,23.433849,37578,1540655,219.74,2174.70,419.88,2143.74,233.63,2157.62,291.08,2158.69
1460764593,29.834755,37515,1578170,220.72,2174.70,423.39,2220.15,233.02,2159.67,292.38,2184.84
1460764594,23.538177,40508,1618678,221.67,2174.70,425.09,2220.15,232.16,2159.67,292.97,2184.84
1460764595,14.438967,9608,1628286,227.85,2323.17,424.80,2220.15,234.90,2303.09,295.85,2282.14
1460764596,0.000000,0,1628286,238.39,2426.50,418.90,2220.15,245.78,2329.71,301.02,2325.45
1460764597,109.854153,26180,1654466,239.81,2428.43,413.22,2220.15,253.24,2414.12,302.09,2354.23
1460764598,21.063460,48887,1703353,240.93,2428.51,415.29,2229.96,251.39,2416.09,302.54,2358.19
1460764599,23.854091,41922,1745275,242.75,2428.51,417.59,2237.34,252.36,2416.09,304.23,2360.65
1460764600,24.969920,39800,1785075,243.81,2428.51,419.35,2240.69,253.68,2408.78,305.61,2359.33
1460764601,24.647787,37892,1822967,243.08,2428.47,420.81,2240.69,254.45,2408.78,306.11,2359.31
1460764602,29.800724,35585,1858552,242.89,2416.04,422.05,2246.32,255.58,2402.76,306.84,2355.04
1460764603,20.648083,36127,1894679,242.33,2416.04,424.09,2255.30,256.15,2402.76,307.52,2358.03
1460764604,0.000000,0,1894679,239.38,2416.04,428.95,2353.34,254.18,2402.76,307.50,2390.71
1460764605,0.000000,0,1894679,235.68,2416.04,434.88,2431.60,250.71,2402.76,307.09,2416.80
1460764606,126.255976,25751,1920430,233.11,2416.04,434.13,2433.05,247.95,2402.76,305.06,2417.28
1460764607,27.350509,36619,1957049,233.06,2406.28,434.83,2466.14,247.60,2403.37,305.16,2425.26
1460764608,25.700443,38832,1995881,232.35,2406.28,436.84,2492.49,246.68,2403.37,305.29,2434.05
1460764609,21.001215,3516,,,,,,,,,
