unix_ts,avg_latency_ms,throughput,cumulative_throughput,cpu_1,memory_mb_1,cpu_2,memory_mb_2,cpu_3,memory_mb_3,avg_cpu,avg_memory_mb
1460766501,17.279487,5286,5286,8.23,54.85,7.83,64.07,8.80,54.74,8.29,57.89
1460766502,32.262650,17883,23169,50.39,151.13,77.81,157.67,57.26,152.53,61.82,153.78
1460766503,31.189529,27257,50426,73.28,217.77,127.13,257.42,76.62,237.88,92.34,237.69
1460766504,27.567506,36131,86557,86.40,253.28,160.86,392.41,88.16,259.06,111.81,301.58
1460766505,27.238760,36516,123073,99.00,393.55,188.77,588.63,102.09,399.08,129.95,460.42
1460766506,22.726898,43727,166800,111.03,473.77,212.37,685.53,115.29,469.86,146.23,543.05
1460766507,23.285050,41355,208155,130.04,719.52,239.92,751.07,135.35,729.32,168.44,733.30
1460766508,21.820073,47353,255508,144.98,798.47,261.21,1059.64,151.15,805.62,185.78,887.91
1460766509,21.048179,47576,303084,158.28,799.77,279.35,1141.68,169.27,806.06,202.30,915.84
1460766510,25.254491,39660,342744,172.57,1118.94,291.84,1138.31,188.91,1131.85,217.77,1129.70
1460766511,26.192854,19313,362057,181.34,1119.29,306.09,1492.82,196.95,1135.64,228.13,1249.25
1460766512,40.873522,32914,394971,191.35,1125.14,323.02,1622.54,197.19,1135.88,237.19,1294.52
1460766513,40.625579,28142,423113,211.55,1258.30,319.40,1622.55,216.10,1262.38,249.02,1381.08
1460766514,22.058641,45118,468231,219.35,1253.72,329.78,1626.65,217.82,1262.38,255.65,1380.92
1460766515,22.661824,44195,512426,223.36,1267.39,339.21,1687.88,217.73,1272.62,260.10,1409.30
1460766516,28.008352,32894,545320,223.98,1575.74,345.45,1687.88,217.39,1587.51,262.27,1617.04
1460766517,114.266122,9410,554730,221.16,1686.53,356.80,1786.86,218.41,1688.84,265.46,1720.74
1460766518,20.298134,49285,604015,220.16,1686.53,363.53,1787.60,220.46,1689.01,268.05,1721.05
1460766519,21.741000,46068,650083,222.56,1681.90,370.17,1787.60,221.60,1689.01,271.44,1719.50
1460766520,17.993652,18449,668532,226.00,1781.20,372.35,1793.47,229.29,1779.70,275.88,1784.79
1460766521,58.908499,28220,696752,241.29,1802.41,361.60,1793.47,245.27,1802.99,282.72,1799.62
1460766522,27.220271,36672,733424,240.95,1802.41,367.07,1793.47,244.05,1802.99,284.02,1799.62
1460766523,23.349111,42744,776168,240.23,1802.41,373.73,1810.81,242.50,1802.99,285.49,1805.40
1460766524,26.495881,37718,813886,240.31,1802.41,378.96,1810.81,243.17,1856.81,287.48,1823.34
1460766525,22.629611,44129,858015,241.38,1858.12,385.03,1903.43,241.47,1856.08,289.29,1872.54
1460766526,21.827773,45631,903646,245.32,1861.60,390.01,1903.43,240.91,1856.08,292.08,1873.70
1460766527,23.299199,42921,946567,248.23,1921.66,392.85,1912.44,241.46,1931.07,294.18,1921.72
1460766528,21.342213,36742,983309,250.85,1918.20,396.05,1912.44,240.81,1931.07,295.90,1920.57
1460766529,0.000000,0,983309,247.07,1918.20,405.18,2034.14,235.29,1931.07,295.85,1961.14
1460766530,99.925525,22133,1005442,241.11,1918.20,411.48,2035.49,229.27,1931.07,293.95,1961.59
1460766531,23.178597,34589,1040031,240.71,1918.20,414.72,2035.49,230.48,1931.07,295.30,1961.59
1460766532,0.000000,0,1040031,251.61,2037.47,409.20,2035.49,242.28,2086.42,301.03,2053.13
1460766533,89.107672,24658,1064689,260.08,2052.14,403.68,2035.49,248.26,2087.86,304.01,2058.50
1460766534,23.953710,41736,1106425,258.73,2052.14,407.47,2035.49,249.14,2087.86,305.11,2058.50
1460766535,23.230322,42727,1149152,258.07,2052.14,409.54,2035.49,250.39,2087.86,306.00,2058.50
1460766536,22.214733,44596,1193748,258.66,2052.62,411.78,2035.72,252.94,2088.13,307.79,2058.82
1460766537,24.664812,40960,1234708,259.57,2052.62,414.15,2035.72,252.56,2088.13,308.76,2058.82
1460766538,21.376624,45685,1280393,260.78,2052.62,417.06,2060.53,251.66,2088.13,309.83,2067.09
1460766539,28.743312,35367,1315760,263.21,2074.39,418.03,2060.53,252.34,2097.08,311.19,2077.33
1460766540,22.767246,44126,1359886,263.70,2074.39,421.30,2121.51,250.85,2097.08,311.95,2097.66
1460766541,27.513868,36213,1396099,264.87,2074.39,424.99,2116.28,249.89,2097.08,313.25,2095.92
1460766542,22.797244,43753,1439852,267.26,2163.75,426.59,2116.28,251.48,2182.01,315.11,2154.01
1460766543,26.553047,37604,1477456,266.28,2163.75,429.91,2133.34,252.28,2182.01,316.16,2159.70
1460766544,25.075764,39816,1517272,266.86,2163.74,431.68,2133.34,254.62,2191.75,317.72,2162.94
1460766545,27.466090,36443,1553715,267.21,2163.74,434.61,2211.98,254.95,2191.75,318.92,2189.16
1460766546,31.114126,32051,1585766,268.08,2163.74,435.92,2211.98,255.72,2191.84,319.91,2189.19
1460766547,19.251745,39245,1625011,270.29,2254.71,436.55,2224.74,259.87,2324.21,322.24,2267.89
1460766548,17.257810,38488,1663499,271.68,2254.71,436.50,2232.64,270.04,2449.86,326.07,2312.40
1460766549,77.609100,17449,1680948,276.32,2371.35,433.58,2232.64,270.89,2451.76,326.93,2351.92
1460766550,17.271076,26298,1707246,285.51,2422.55,431.48,2249.36,270.64,2451.76,329.21,2374.56
1460766551,65.863124,26825,1734071,289.16,2422.55,426.66,2249.36,267.40,2451.76,327.74,2374.56
1460766552,26.924221,8540,1742611,287.35,2424.36,430.24,2352.28,264.86,2451.76,327.48,2409.47
1460766553,0.000000,0,1742611,283.66,2424.36,436.69,2416.28,260.36,2451.76,326.90,2430.80
1460766554,146.921020,18850,1761461,279.46,2424.36,435.39,2418.02,256.60,2451.76,323.82,2431.38
1460766555,32.216129,30973,1792434,279.79,2409.29,436.28,2418.02,255.48,2451.76,323.85,2426.36
1460766556,22.440635,39827,1832261,280.36,2409.29,438.99,2405.35,255.22,2441.65,324.86,2418.76
1460766557,24.773357,44508,1876769,281.54,2409.35,441.25,2375.88,255.68,2441.70,326.16,2408.98
1460766558,27.015749,36890,1913659,281.64,2409.35,443.09,2363.25,256.85,2441.89,327.19,2404.83
1460766559,26.184433,38081,1951740,282.27,2409.35,445.44,2352.22,257.23,2441.89,328.31,2401.15
1460766560,25.423694,39526,1991266,283.42,2410.41,447.66,2354.56,257.63,2441.89,329.57,2402.29
1460766561,179.394129,3729,1994995,281.41,2410.41,445.02,2354.56,257.29,2442.48,327.91,2402.48
1460766562,187.883709,4371,,,,,,,,,
