unix_ts,avg_latency_ms,throughput,cumulative_throughput,cpu_1,memory_mb_1,cpu_2,memory_mb_2,cpu_3,memory_mb_3,avg_cpu,avg_memory_mb
1460766500,13.286207,8061,8061,7.36,56.66,7.83,63.62,8.80,54.01,8.00,58.10
1460766501,35.667372,19186,27247,44.01,146.58,76.43,162.94,57.33,147.28,59.26,152.27
1460766502,34.496539,26561,53808,67.10,213.56,129.82,258.93,82.69,232.80,93.20,235.10
1460766503,29.435353,38544,92352,83.95,257.13,159.68,395.38,92.58,254.16,112.07,302.22
1460766504,23.160494,44154,136506,101.25,399.15,194.38,568.92,104.78,394.20,133.47,454.09
1460766505,21.180406,47100,183606,114.34,517.09,222.69,746.61,119.20,512.67,152.08,592.12
1460766506,25.986929,38423,222029,134.76,716.62,248.73,827.56,139.95,719.26,174.48,754.48
1460766507,19.614151,48555,270584,148.40,795.29,271.65,1058.01,154.79,797.87,191.61,883.72
1460766508,21.930760,47640,318224,160.91,809.32,291.95,1136.19,166.98,808.62,206.61,918.04
1460766509,21.080944,47314,365538,174.55,1117.64,304.80,1141.41,181.20,1118.77,220.18,1125.94
1460766510,43.842003,22778,388316,179.17,1117.78,321.47,1599.38,185.31,1120.73,228.65,1279.30
1460766511,55.745861,18012,406328,187.72,1244.52,330.69,1612.35,193.08,1243.55,237.16,1366.81
1460766512,20.187913,49505,455833,203.89,1248.21,327.18,1612.35,211.68,1246.05,247.58,1368.87
1460766513,20.309135,48927,504760,208.88,1262.45,338.24,1692.55,212.11,1246.05,253.08,1400.35
1460766514,23.272480,43010,547770,211.92,1471.46,347.86,1692.55,214.59,1450.98,258.12,1538.33
1460766515,19.399785,4168,551938,213.83,1694.42,355.82,1758.14,215.84,1683.05,261.83,1711.87
1460766516,39.699792,48275,600213,208.93,1694.42,367.40,1793.85,211.96,1686.93,262.76,1725.07
1460766517,20.596222,48552,648765,211.41,1694.42,374.42,1793.89,215.11,1687.96,266.98,1725.42
1460766518,22.555850,20415,669180,215.26,1684.23,382.06,1802.49,215.40,1687.96,270.91,1724.89
1460766519,49.456942,31102,700282,232.72,1804.58,373.66,1802.49,234.87,1800.90,280.42,1802.66
1460766520,22.156205,45117,745399,237.00,1805.34,380.95,1802.49,235.06,1800.32,284.34,1802.72
1460766521,20.503463,48550,793949,240.67,1805.34,388.04,1817.80,234.98,1800.32,287.90,1807.82
1460766522,21.097599,47307,841256,244.57,1865.33,391.10,1817.80,237.22,1860.70,290.96,1847.94
1460766523,19.436892,51519,892775,244.64,1865.33,396.94,1904.34,236.79,1860.70,292.79,1876.79
1460766524,22.175013,44825,937600,245.58,1865.33,401.96,1910.66,237.00,1860.70,294.85,1878.90
1460766525,19.977742,50096,987696,247.25,1918.07,404.61,1910.66,238.51,1926.15,296.79,1918.29
1460766526,20.907563,3861,991557,245.60,1918.07,410.84,2028.74,240.16,1926.32,298.87,1957.71
1460766527,140.618241,13675,1005232,238.65,1918.07,422.50,2033.36,236.11,1926.32,299.09,1959.25
1460766528,19.396033,37143,1042375,236.80,1918.07,424.11,2034.78,236.93,1926.36,299.28,1959.74
1460766529,0.000000,0,1042375,245.96,2047.14,417.02,2034.78,248.90,2047.58,303.96,2043.17
1460766530,75.650308,30107,1072482,259.84,2058.18,406.22,2034.78,259.55,2071.85,308.54,2054.94
1460766531,20.862527,47815,1120297,258.54,2059.55,409.70,2035.19,258.51,2071.85,308.92,2055.53
1460766532,21.402493,46144,1166441,258.80,2059.55,412.77,2035.19,258.36,2071.85,309.98,2055.53
1460766533,19.004532,52827,1219268,259.74,2059.96,416.29,2036.20,258.98,2072.61,311.67,2056.26
1460766534,22.268794,44869,1264137,259.93,2059.96,419.27,2036.20,258.66,2072.61,312.62,2056.26
1460766535,20.576632,48640,1312777,259.60,2059.96,422.27,2113.36,258.99,2087.73,313.62,2087.02
1460766536,20.791800,48135,1360912,262.57,2090.95,425.21,2113.36,258.47,2087.73,315.42,2097.35
1460766537,22.166738,44607,1405519,264.83,2090.95,427.85,2113.36,258.36,2087.73,317.01,2097.35
1460766538,25.168770,39872,1445391,266.91,2180.40,428.91,2131.30,258.71,2173.42,318.18,2161.71
1460766539,24.724353,40318,1485709,268.72,2180.40,432.27,2131.30,258.20,2173.42,319.73,2161.71
1460766540,20.068488,49808,1535517,270.41,2180.40,435.59,2211.73,256.92,2173.42,320.97,2188.52
1460766541,23.003977,37342,1572859,271.46,2180.40,438.85,2211.58,257.19,2182.04,322.50,2191.34
1460766542,25.738841,44470,1617329,270.47,2180.40,440.31,2211.58,256.00,2182.04,322.26,2191.34
1460766543,20.606065,36082,1653411,271.08,2246.23,442.98,2247.77,257.41,2319.77,323.82,2271.26
1460766544,15.961119,26642,1680053,271.34,2246.23,442.94,2247.77,268.48,2319.77,327.59,2271.26
1460766545,2503.381424,314,1680367,267.26,2246.23,448.35,2350.83,277.85,2435.97,331.15,2344.34
1460766546,742.432662,2121,1682488,262.38,2246.23,454.72,2410.48,272.53,2438.27,329.88,2364.99
1460766547,28.183706,41280,1723768,262.03,2353.30,451.31,2419.76,270.60,2442.65,327.98,2405.24
1460766548,57.729062,11547,1735315,271.79,2353.30,448.72,2419.76,272.62,2444.44,331.04,2405.83
1460766549,37.809915,41969,1777284,279.38,2406.55,447.22,2420.80,272.05,2440.65,332.88,2422.67
1460766550,22.759150,43365,1820649,277.61,2408.43,448.92,2421.02,273.01,2440.65,333.18,2423.37
1460766551,22.315976,39771,1860420,278.18,2407.88,450.48,2421.02,274.33,2432.55,334.33,2420.48
1460766552,21.431530,51483,1911903,277.41,2407.88,452.36,2406.55,274.94,2432.55,334.90,2415.66
1460766553,26.925653,37324,1949227,276.98,2406.64,453.34,2406.94,276.19,2428.09,335.50,2413.89
1460766554,23.623216,42341,1991568,276.68,2406.64,454.79,2406.94,277.04,2428.09,336.17,2413.89
1460766555,20.762772,7873,,,,,,,,,
