unix_ts,avg_latency_ms,throughput,cumulative_throughput,cpu_1,memory_mb_1,cpu_2,memory_mb_2,cpu_3,memory_mb_3,avg_cpu,avg_memory_mb
1460762332,17.795579,6746,6746,7.23,55.19,8.26,65.44,9.48,54.31,8.32,58.31
1460762333,49.918166,15799,22545,46.12,147.61,76.31,160.92,57.69,146.32,60.04,151.62
1460762334,41.632409,25700,48245,72.26,189.51,118.29,241.48,96.63,209.24,95.73,213.41
1460762335,29.236788,35421,83666,82.14,263.48,149.25,394.45,108.09,294.32,113.16,317.42
1460762336,26.728688,37711,121377,93.10,403.37,183.79,469.24,120.26,434.44,132.38,435.68
1460762337,23.210971,42983,164360,103.30,446.64,211.05,686.96,130.64,447.90,148.33,527.17
1460762338,24.422545,40791,205151,113.04,713.70,239.62,743.30,145.72,725.54,166.13,727.51
1460762339,24.486088,40938,246089,118.56,713.74,261.21,1051.52,158.71,726.06,179.49,830.44
1460762340,24.429812,40997,287086,126.25,785.84,278.27,1056.42,172.70,805.12,192.41,882.46
1460762341,24.821831,40224,327310,131.81,945.59,294.39,1132.95,182.98,951.09,203.06,1009.88
1460762342,24.522071,37260,364570,138.36,1104.30,305.22,1233.55,193.89,1133.65,212.49,1157.17
1460762343,43.414791,24939,389509,136.54,1104.30,322.36,1616.82,195.13,1133.69,218.01,1284.94
1460762344,53.863068,18575,408084,143.54,1233.39,327.67,1617.48,203.93,1255.45,225.05,1368.77
1460762345,21.264163,46926,455010,156.44,1231.94,326.64,1617.48,217.69,1262.34,233.59,1370.59
1460762346,23.850996,41767,496777,158.61,1231.94,337.43,1687.73,217.46,1262.34,237.83,1394.00
1460762347,24.773370,40277,537054,161.19,1358.92,345.95,1687.73,218.00,1368.79,241.71,1471.81
1460762348,25.776328,13583,550637,165.71,1663.23,352.12,1743.56,220.63,1686.77,246.15,1697.85
1460762349,56.157780,29456,580093,160.26,1664.08,365.35,1783.48,212.66,1686.81,246.09,1711.46
1460762350,25.192803,39590,619683,163.94,1674.74,371.60,1783.48,217.12,1687.24,250.89,1715.15
1460762351,27.599965,36133,655816,168.30,1675.06,376.75,1783.48,219.94,1687.25,255.00,1715.26
1460762352,25.010561,8624,664440,175.08,1778.32,378.31,1794.06,225.73,1785.80,259.71,1786.06
1460762353,46.483019,38316,702756,195.26,1797.66,369.38,1794.06,239.42,1807.52,268.02,1799.75
1460762354,27.136376,36779,739535,197.24,1798.42,374.28,1794.33,238.80,1807.45,270.11,1800.07
1460762355,24.948603,40102,779637,196.91,1793.67,381.94,1812.48,236.54,1807.45,271.80,1804.53
1460762356,29.054217,34338,813975,196.67,1800.08,386.76,1812.48,235.36,1824.54,272.93,1812.37
1460762357,25.553974,39206,853181,197.46,1858.40,392.50,1901.25,234.98,1866.14,274.98,1875.26
1460762358,24.193008,41290,894471,197.45,1858.40,397.80,1901.25,233.96,1866.14,276.40,1875.26
1460762359,25.359443,39129,933600,197.69,1858.40,403.28,1903.37,233.29,1866.14,278.09,1875.97
1460762360,21.158317,46691,980291,199.94,1923.27,405.89,1903.37,234.66,1933.46,280.16,1920.03
1460762361,23.516099,9482,989773,199.25,1923.27,410.70,2020.96,233.24,1933.46,281.06,1959.23
1460762362,431.697346,4131,993904,194.07,1923.27,421.93,2023.00,226.83,1933.46,280.94,1959.91
1460762363,23.849238,41847,1035751,192.18,1923.27,423.27,2024.60,223.85,1933.46,279.77,1960.44
1460762364,21.716204,10023,1045774,195.71,2042.85,422.06,2024.60,226.78,2059.06,281.52,2042.17
1460762365,273.385481,6411,1052185,210.62,2061.42,411.60,2024.60,241.67,2078.50,287.96,2054.84
1460762366,24.749405,41421,1093606,214.26,2062.86,409.38,2024.60,243.47,2079.88,289.04,2055.78
1460762367,24.405432,40874,1134480,213.97,2062.86,412.42,2024.86,242.79,2079.88,289.73,2055.87
1460762368,24.759257,40162,1174642,213.86,2062.86,414.73,2024.86,242.23,2079.88,290.27,2055.87
1460762369,25.965737,38314,1212956,214.66,2063.12,416.77,2027.68,242.36,2080.53,291.26,2057.11
1460762370,27.845682,36092,1249048,214.30,2063.12,417.84,2027.68,242.66,2080.53,291.60,2057.11
1460762371,26.285698,38052,1287100,213.74,2063.12,420.31,2106.70,243.44,2080.53,292.50,2083.45
1460762372,24.399015,40406,1327506,215.11,2076.84,421.57,2106.70,245.82,2100.23,294.17,2094.59
1460762373,28.014911,36117,1363623,214.85,2076.84,423.44,2106.70,246.58,2100.23,294.96,2094.59
1460762374,21.694834,43125,1406748,214.99,2076.84,424.96,2106.70,247.64,2100.23,295.86,2094.59
1460762375,25.686839,41241,1447989,216.30,2171.12,426.57,2123.44,249.64,2179.96,297.50,2158.17
1460762376,26.699767,34720,1482709,216.14,2171.12,428.72,2123.44,248.89,2179.96,297.92,2158.17
1460762377,25.644182,40827,1523536,215.96,2171.12,432.13,2209.76,247.98,2179.96,298.69,2186.95
1460762378,25.926445,39344,1562880,218.64,2166.23,434.86,2209.76,248.73,2180.04,300.74,2185.34
1460762379,29.437543,33923,1596803,219.68,2166.25,436.47,2209.76,247.50,2180.04,301.22,2185.35
1460762380,25.508928,32947,1629750,221.32,2174.44,438.71,2209.76,248.17,2266.29,302.73,2216.83
1460762381,14.990654,44326,1674076,231.18,2309.42,439.89,2244.02,248.06,2266.29,306.38,2273.24
1460762382,135.542935,6186,1680262,240.08,2416.95,442.78,2337.43,246.80,2266.29,309.89,2340.22
1460762383,0.000000,0,1680262,237.75,2419.01,449.18,2396.28,242.53,2266.29,309.82,2360.53
1460762384,305.102390,6232,1686494,235.37,2419.01,449.80,2396.28,238.39,2266.29,307.85,2360.53
1460762385,17.247694,28299,1714793,236.18,2424.92,452.08,2403.55,239.34,2369.42,309.20,2399.30
1460762386,18.442035,22913,1737706,236.15,2418.10,452.08,2403.01,249.09,2369.42,312.44,2396.84
1460762387,265.986850,6124,1743830,233.79,2418.10,448.39,2404.33,256.76,2435.02,312.98,2419.15
1460762388,30.128512,32795,1776625,232.27,2418.26,447.74,2410.75,254.75,2436.91,311.59,2421.97
1460762389,26.847091,38001,1814626,232.03,2418.32,449.18,2400.15,255.45,2436.05,312.22,2418.17
1460762390,24.225691,41286,1855912,233.43,2421.37,450.21,2398.11,256.06,2436.05,313.23,2418.51
1460762391,28.164173,35429,1891341,234.21,2421.44,451.70,2399.43,256.35,2436.05,314.09,2418.97
1460762392,27.260372,36657,1927998,235.54,2421.44,452.71,2399.43,257.85,2436.68,315.37,2419.18
1460762393,23.345823,41462,1969460,237.58,2424.00,454.34,2400.52,258.08,2436.68,316.67,2420.40
1460762394,29.868672,29142,,,,,,,,,
