second,avg_latency_ms_zookeeper_v3.4.8_snapshot1,throughput_zookeeper_v3.4.8_snapshot1,cumulative_throughput_zookeeper_v3.4.8_snapshot1,avg_cpu_zookeeper_v3.4.8_snapshot1,avg_memory_mb_zookeeper_v3.4.8_snapshot1,avg_latency_ms_zookeeper_v3.4.8_snapshot2,throughput_zookeeper_v3.4.8_snapshot2,cumulative_throughput_zookeeper_v3.4.8_snapshot2,avg_cpu_zookeeper_v3.4.8_snapshot2,avg_memory_mb_zookeeper_v3.4.8_snapshot2,avg_latency_ms_zookeeper_v3.4.8_snapshot3,throughput_zookeeper_v3.4.8_snapshot3,cumulative_throughput_zookeeper_v3.4.8_snapshot3,avg_cpu_zookeeper_v3.4.8_snapshot3,avg_memory_mb_zookeeper_v3.4.8_snapshot3
0,21.900755,3069,3069,8.28,59.20,28.036521,2264,2264,7.81,57.90,18.926133,6029,6029,8.00,58.49
1,38.922419,14561,17630,59.23,149.91,40.368448,13736,16000,58.85,148.40,37.032342,16467,22496,58.72,153.70
2,36.517299,20682,38312,92.40,217.61,34.578009,25790,41790,90.80,219.36,34.579819,27004,49500,92.81,210.71
3,37.109619,31057,69369,103.92,267.77,31.946500,35260,77050,107.67,295.88,27.609802,35802,85302,109.95,302.95
4,25.712019,38496,107865,130.18,404.43,27.471861,36460,113510,127.13,427.32,26.810890,38559,123861,128.91,434.54
5,23.985079,42152,150017,150.83,516.88,27.381290,35406,148916,142.09,519.07,21.494158,46344,170205,144.64,525.38
6,22.452338,44438,194455,168.30,715.14,24.216590,42402,191318,160.39,723.40,24.811531,38658,208863,165.92,730.47
7,27.366913,36503,230958,180.99,820.65,29.094867,34543,225861,174.44,827.75,25.929217,39977,248840,179.64,842.59
8,23.376074,42728,273686,194.11,870.76,21.676122,45987,271848,190.04,881.26,23.748193,41825,290665,193.69,889.25
9,27.272073,36584,310270,202.81,986.58,22.626498,44166,316014,205.13,996.43,25.309766,39441,330106,203.95,1025.45
10,23.404688,42603,352873,214.51,1131.63,26.226930,37974,353988,214.81,1128.79,23.819178,34941,365047,213.41,1170.20
11,54.656116,18385,371258,219.89,1272.08,53.661301,18677,372665,218.17,1278.03,43.761850,26664,391711,217.98,1286.30
12,44.387222,21953,393211,229.42,1346.25,30.757236,24495,397160,220.04,1283.06,53.913302,18537,410248,225.52,1369.03
13,22.269500,45980,439191,238.77,1350.42,45.006193,27578,424738,228.87,1368.02,28.187055,35418,445666,230.83,1369.77
14,25.293889,39274,478465,245.83,1372.64,25.016353,40110,464848,234.43,1368.04,26.531745,37934,483600,233.03,1369.68
15,26.385285,38093,516558,251.66,1511.45,21.549952,46091,510939,240.31,1401.04,20.018980,49733,533333,237.32,1417.57
16,22.529624,20674,537232,258.63,1688.39,25.191286,34872,545811,246.49,1675.90,26.831849,15360,548693,243.26,1677.01
17,51.252038,29915,567147,260.15,1699.93,87.114301,12897,558708,247.17,1707.96,52.913225,29879,578572,243.05,1712.00
18,21.874461,45628,612775,265.52,1699.23,20.378579,48823,607531,250.35,1708.38,26.006163,38599,617171,247.46,1712.04
19,23.191168,25653,638428,271.31,1735.66,23.177004,43052,650583,253.59,1708.46,21.721672,45922,663093,250.12,1714.81
20,68.191753,20553,658981,278.70,1785.71,22.159706,16536,667119,258.06,1777.64,20.839213,10038,673131,254.82,1782.34
21,21.372004,46870,705851,282.46,1785.73,56.547228,28756,695875,265.87,1791.22,41.397945,43185,716316,261.12,1796.97
22,21.239997,46777,752628,285.52,1790.92,24.045490,41751,737626,268.27,1791.22,21.566257,46227,762543,264.03,1802.12
23,24.878623,40196,792824,290.55,1820.55,21.703184,45996,783622,270.71,1795.59,25.766021,38909,801452,268.23,1802.25
24,25.251341,39592,832416,293.47,1850.27,29.422470,33855,817477,273.13,1835.88,23.536292,42459,843911,271.74,1871.84
25,20.627163,48447,880863,296.93,1850.27,21.701157,46166,863643,274.94,1866.17,20.278160,49000,892911,275.56,1871.82
26,24.057408,41568,922431,298.63,1887.20,23.747846,41989,905632,277.20,1866.17,21.250603,42130,935041,277.45,1874.11
27,21.170250,47329,969760,300.48,1887.20,27.087450,36799,942431,279.90,1914.88,12.720575,52161,987202,282.71,1946.34
28,20.499568,1932,971692,302.11,1926.37,20.593975,40002,982433,282.95,1914.88,169.790166,3429,990631,287.22,1990.44
29,136.671160,14214,985906,301.27,1927.93,0.000000,0,982433,284.54,1955.22,109.734462,16729,1007360,286.60,1990.46
30,0.000000,0,985906,306.26,2041.08,92.735452,23456,1005889,283.64,1955.68,24.941852,38589,1045949,285.94,1991.75
31,122.710094,16424,1002330,309.30,2046.92,22.113461,26519,1032408,285.18,2017.89,14.369224,46164,1092113,289.92,2035.60
32,22.383717,44501,1046831,311.34,2046.92,0.000000,0,1032408,291.52,2051.34,26.722039,51321,1143434,294.71,2044.66
33,27.027466,36962,1083793,312.95,2047.01,81.011879,29710,1062118,293.03,2052.28,25.612016,38973,1182407,295.32,2045.30
34,22.888392,43273,1127066,314.76,2040.01,24.777818,40384,1102502,293.29,2052.45,21.355422,46808,1229215,296.48,2048.89
35,57.302391,13445,1140511,313.85,2040.77,25.391360,39343,1141845,294.27,2052.45,29.091500,34272,1263487,296.71,2054.61
36,30.235350,40771,1181282,312.47,2040.77,27.161314,36832,1178677,295.02,2051.40,23.505517,42327,1305814,297.93,2054.61
37,59.264601,13943,1195225,309.78,2040.77,21.215635,46643,1225320,296.06,2051.40,31.103155,32204,1338018,299.55,2110.81
38,51.939138,22621,1217846,307.48,2041.10,24.615673,40659,1265979,296.77,2058.56,22.921060,43775,1381793,300.62,2110.81
39,24.035862,32039,1249885,309.26,2079.36,24.004275,36842,1302821,298.79,2067.79,25.200846,39428,1421221,302.77,2119.82
40,566.499195,1716,1251601,304.04,2079.36,24.077881,46312,1349133,300.46,2090.83,22.792579,43729,1464950,305.26,2144.66
41,624.562217,1284,1252885,298.90,2079.36,24.697350,36806,1385939,301.74,2090.83,20.162321,44955,1509905,307.06,2143.83
42,617.541098,1000,1253885,293.69,2079.36,23.393523,46552,1432491,303.76,2144.83,15.778328,42134,1552039,310.64,2183.73
43,0.000000,0,1253885,288.15,2079.36,23.934782,41883,1474374,305.03,2144.95,49.552096,28739,1580778,313.25,2221.20
44,2133.516846,942,1254827,282.66,2079.36,21.009927,43604,1517978,307.05,2147.17,23.308500,42926,1623704,313.18,2251.67
45,0.000000,0,1254827,277.16,2080.09,26.305221,41067,1559045,307.44,2151.50,20.318642,3342,1627046,313.35,2316.41
46,0.000000,0,1254827,272.55,2080.46,30.708471,28689,1587734,307.36,2151.51,0.000000,0,1627046,312.45,2338.34
47,0.000000,0,1254827,268.76,2081.27,46.860585,17627,1605361,309.32,2259.65,75.458275,38824,1665870,310.15,2338.97
48,0.000000,0,1254827,264.43,2081.34,14.542953,30638,1635999,312.87,2324.07,25.950683,38437,1704307,309.99,2327.45
49,0.000000,0,1254827,260.69,2081.23,2061.693694,201,1636200,313.59,2338.87,16.907860,40067,1744374,311.78,2366.41
50,0.000000,0,1254827,257.02,2081.15,276.202499,5627,1641827,311.69,2364.52,14.773543,44733,1789107,315.28,2391.03
51,0.000000,0,1254827,253.23,2081.26,30.190910,43263,1685090,313.22,2402.36,37.424167,43681,1832788,316.75,2391.81
52,0.000000,0,1254827,249.27,2081.27,18.469045,36191,1721281,316.76,2424.24,23.790224,42791,1875579,317.16,2394.58
53,0.000000,0,1254827,245.13,2081.28,40.681950,32806,1754087,319.25,2414.95,22.968485,43298,1918877,317.26,2390.54
54,0.000000,0,1254827,241.10,2081.27,54.705370,20471,1774558,317.05,2415.31,25.365374,39395,1958272,318.00,2400.45
55,0.000000,0,1254827,237.34,2080.99,22.928422,43677,1818235,318.69,2401.87,21.306021,41101,,,
56,0.000000,0,1254827,234.18,2081.01,24.072072,37991,1856226,319.41,2401.96,,,,,
57,0.000000,0,1254827,231.00,2081.03,28.876047,33524,1889750,319.68,2396.54,,,,,
58,0.000000,0,1254827,227.31,2081.02,27.284217,40681,1930431,319.33,2393.11,,,,,
59,0.000000,0,1254827,223.61,2081.01,24.192248,41396,1971827,320.17,2393.37,,,,,
60,949.262578,1112,1255939,220.29,2081.01,21.921569,27514,,,,,,,,
61,18.845190,26457,1282396,220.25,2092.88,,,,,,,,,,
62,16.392331,28554,1310950,221.62,2113.97,,,,,,,,,,
63,16.196780,38601,1349551,223.41,2123.91,,,,,,,,,,
64,20.661337,35636,1385187,225.51,2137.72,,,,,,,,,,
65,15.716248,40195,1425382,227.66,2149.64,,,,,,,,,,
66,16.776134,44835,1470217,229.41,2176.28,,,,,,,,,,
67,18.998926,34842,1505059,231.12,2176.14,,,,,,,,,,
68,16.574943,40344,1545403,232.76,2178.05,,,,,,,,,,
69,14.494630,15352,1560755,233.23,2172.46,,,,,,,,,,
70,1353.863317,37,1560792,231.55,2175.71,,,,,,,,,,
71,0.000000,0,1560792,229.58,2174.69,,,,,,,,,,
72,0.000000,0,1560792,228.03,2174.72,,,,,,,,,,
73,0.000000,0,1560792,226.85,2215.69,,,,,,,,,,
74,0.000000,0,1560792,224.95,2171.26,,,,,,,,,,
75,0.000000,0,1560792,222.68,2171.26,,,,,,,,,,
76,0.000000,0,1560792,221.64,2190.12,,,,,,,,,,
77,0.000000,0,1560792,222.37,2196.33,,,,,,,,,,
78,0.000000,0,1560792,220.63,2203.23,,,,,,,,,,
79,0.000000,0,1560792,219.21,2208.01,,,,,,,,,,
80,0.000000,0,1560792,217.90,2294.20,,,,,,,,,,
81,0.000000,0,1560792,217.75,2358.50,,,,,,,,,,
82,0.000000,0,1560792,216.57,2358.94,,,,,,,,,,
83,0.000000,0,1560792,215.02,2358.94,,,,,,,,,,
84,587.060217,4484,1565276,213.09,2358.94,,,,,,,,,,
85,22.545517,29721,1594997,212.54,2358.94,,,,,,,,,,
86,16.324902,39347,1634344,213.17,2371.50,,,,,,,,,,
87,19.987825,23017,1657361,215.59,2372.60,,,,,,,,,,
88,0.000000,0,1657361,216.70,2396.83,,,,,,,,,,
89,1915.812492,811,1658172,218.17,2423.26,,,,,,,,,,
90,41.437950,45256,1703428,218.80,2425.84,,,,,,,,,,
91,29.060256,36991,1740419,221.40,2439.66,,,,,,,,,,
92,27.432075,34824,1775243,223.51,2440.12,,,,,,,,,,
93,28.971821,31289,1806532,225.60,2451.95,,,,,,,,,,
94,694.060511,714,1807246,225.12,2448.96,,,,,,,,,,
95,0.000000,0,1807246,223.50,2448.96,,,,,,,,,,
96,0.000000,0,1807246,221.67,2448.96,,,,,,,,,,
97,0.000000,0,1807246,219.96,2448.96,,,,,,,,,,
98,0.000000,0,1807246,217.99,2446.75,,,,,,,,,,
99,0.000000,0,1807246,215.90,2446.75,,,,,,,,,,
100,0.000000,0,1807246,213.95,2446.75,,,,,,,,,,
101,0.000000,0,1807246,212.33,2446.83,,,,,,,,,,
102,0.000000,0,1807246,210.70,2446.83,,,,,,,,,,
103,0.000000,0,1807246,208.87,2446.83,,,,,,,,,,
104,0.000000,0,1807246,207.00,2446.83,,,,,,,,,,
105,0.000000,0,1807246,205.17,2446.83,,,,,,,,,,
106,0.000000,0,1807246,203.43,2446.83,,,,,,,,,,
107,0.000000,0,1807246,201.60,2446.83,,,,,,,,,,
108,0.000000,0,1807246,199.90,2446.83,,,,,,,,,,
109,223.878201,6026,1813272,198.52,2446.83,,,,,,,,,,
110,0.000000,0,1813272,199.14,2484.05,,,,,,,,,,
111,0.000000,0,1813272,199.76,2495.99,,,,,,,,,,
112,197.698038,12962,1826234,199.79,2496.82,,,,,,,,,,
113,25.351083,41163,1867397,200.57,2497.63,,,,,,,,,,
114,40.412434,23586,1890983,202.16,2489.64,,,,,,,,,,
115,575.868838,737,1891720,201.72,2490.07,,,,,,,,,,
116,1913.131845,333,1892053,200.98,2489.99,,,,,,,,,,
117,0.000000,0,1892053,199.99,2493.16,,,,,,,,,,
118,0.000000,0,1892053,198.66,2490.47,,,,,,,,,,
119,0.000000,0,1892053,197.48,2498.73,,,,,,,,,,
120,0.000000,0,1892053,196.01,2498.73,,,,,,,,,,
121,0.000000,0,1892053,194.56,2498.73,,,,,,,,,,
122,0.000000,0,1892053,193.06,2498.73,,,,,,,,,,
123,0.000000,0,1892053,191.59,2498.73,,,,,,,,,,
124,0.000000,0,1892053,190.59,2514.75,,,,,,,,,,
125,0.000000,0,1892053,189.18,2514.75,,,,,,,,,,
126,119.764564,20851,1912904,188.80,2515.45,,,,,,,,,,
127,42.075514,29109,1942013,189.40,2519.20,,,,,,,,,,
128,0.000000,0,1942013,189.99,2534.05,,,,,,,,,,
129,0.000000,0,1942013,189.05,2534.05,,,,,,,,,,
130,0.000000,0,1942013,188.17,2534.05,,,,,,,,,,
131,0.000000,0,1942013,187.42,2534.05,,,,,,,,,,
132,0.000000,0,1942013,186.53,2534.05,,,,,,,,,,
133,0.000000,0,1942013,185.66,2520.96,,,,,,,,,,
134,0.000000,0,1942013,184.64,2520.88,,,,,,,,,,
135,0.000000,0,1942013,183.65,2520.79,,,,,,,,,,
136,0.000000,0,1942013,182.36,2522.89,,,,,,,,,,
137,0.000000,0,1942013,181.13,2521.57,,,,,,,,,,
138,0.000000,0,1942013,179.80,2519.64,,,,,,,,,,
139,0.000000,0,1942013,178.71,2519.65,,,,,,,,,,
140,0.000000,0,1942013,177.63,2521.30,,,,,,,,,,
141,0.000000,0,1942013,176.46,2521.30,,,,,,,,,,
142,0.000000,0,1942013,175.35,2521.32,,,,,,,,,,
143,0.000000,0,1942013,174.50,2521.34,,,,,,,,,,
144,0.000000,0,1942013,173.92,2518.16,,,,,,,,,,
145,3129.661471,369,1942382,173.16,2518.17,,,,,,,,,,
146,0.000000,0,1942382,172.34,2518.17,,,,,,,,,,
147,3471.321594,118,1942500,171.61,2519.63,,,,,,,,,,
148,0.000000,0,1942500,170.91,2521.09,,,,,,,,,,
149,0.000000,0,1942500,170.10,2520.29,,,,,,,,,,
150,0.000000,0,1942500,169.21,2520.29,,,,,,,,,,
151,249.207678,10571,1953071,168.78,2520.92,,,,,,,,,,
152,27.967579,17276,1970347,168.65,2521.56,,,,,,,,,,
153,1007.856142,2,,,,,,,,,,,,,
