unix_ts,avg_latency_ms,throughput,cumulative_throughput,cpu_1,memory_mb_1,cpu_2,memory_mb_2,cpu_3,memory_mb_3,avg_cpu,avg_memory_mb
1460404894,28.176258,16199,16199,4.84,123.85,4.10,125.90,3.78,119.92,4.24,123.22
1460404895,30.742627,32326,48525,10.79,141.42,8.95,145.46,8.73,143.69,9.49,143.52
1460404896,73.958930,13436,61961,13.69,149.97,11.29,148.87,11.10,147.54,12.03,148.79
1460404897,35.108149,28194,90155,19.43,161.53,16.30,160.49,16.03,161.21,17.25,161.08
1460404898,35.719543,27791,117946,25.23,178.52,21.25,178.14,20.94,172.86,22.47,176.51
1460404899,73.994835,13393,131339,27.97,184.28,23.50,181.52,23.26,175.66,24.91,180.49
1460404900,39.329760,25850,157189,33.18,193.94,27.99,191.25,27.70,188.89,29.62,191.36
1460404901,36.581064,27182,184371,38.53,201.10,32.74,202.12,32.23,203.00,34.50,202.07
1460404902,42.001556,13644,198015,41.65,211.01,35.15,208.75,35.02,207.99,37.27,209.25
1460404903,62.781119,22376,220391,45.85,224.86,39.03,221.04,38.37,219.50,41.08,221.80
1460404904,40.162032,24958,245349,50.61,232.27,43.26,235.36,42.56,234.98,45.48,234.20
1460404905,39.839283,25207,270556,55.25,245.16,47.32,247.54,46.73,244.14,49.77,245.61
1460404906,73.051293,13184,283740,57.60,253.16,49.50,252.86,48.85,248.43,51.98,251.48
1460404907,40.779378,25378,309118,62.11,266.07,53.27,260.10,53.02,260.91,56.13,262.36
1460404908,43.162839,23210,332328,66.65,276.23,56.86,275.41,56.62,268.38,60.04,273.34
1460404909,43.117623,13403,345731,69.12,280.56,58.72,282.69,58.82,279.90,62.22,281.05
1460404910,62.437414,22686,368417,72.80,289.49,62.49,289.07,62.16,294.10,65.82,290.89
1460404911,40.281618,24694,393111,77.03,300.75,66.40,296.72,65.90,303.60,69.78,300.36
1460404912,38.766880,24832,417943,81.47,317.60,70.68,312.36,69.59,315.72,73.91,315.23
1460404913,80.264749,12797,430740,83.32,320.60,72.04,313.41,71.22,320.19,75.53,318.07
1460404914,42.079242,23118,453858,87.63,332.63,75.16,328.24,74.30,336.24,79.03,332.37
1460404915,43.779754,23532,477390,91.76,337.66,78.25,343.74,77.64,344.46,82.55,341.95
1460404916,45.158892,15890,493280,94.34,359.18,79.94,355.20,79.84,351.33,84.71,355.24
1460404917,71.295622,17888,511168,96.95,362.84,82.60,356.58,82.26,359.15,87.27,359.52
1460404918,38.123114,25236,536404,100.88,372.00,86.52,365.56,85.60,365.28,91.00,367.61
1460404919,38.757891,26568,562972,104.75,389.98,89.92,376.34,88.60,384.22,94.42,383.51
1460404920,79.927192,12335,575307,106.66,398.70,91.51,382.68,89.97,390.74,96.05,390.71
1460404921,42.123041,23453,598760,110.43,407.71,94.14,393.43,93.05,410.89,99.21,404.01
1460404922,43.480586,22991,621751,114.08,415.80,96.53,408.35,96.09,415.85,102.23,413.33
1460404923,45.940661,19275,641026,116.73,420.10,98.94,418.32,98.68,425.50,104.78,421.31
1460404924,74.969951,15058,656084,119.01,429.62,100.82,420.84,100.21,432.81,106.68,427.76
1460404925,45.351970,21986,678070,121.97,441.41,103.63,432.23,103.06,445.08,109.55,439.57
1460404926,37.649439,26469,704539,125.39,470.44,107.16,448.59,106.27,460.81,112.94,459.95
1460404927,67.750318,13650,718189,127.34,471.67,108.90,452.50,107.11,464.44,114.45,462.87
1460404928,46.403074,23080,741269,130.93,479.66,111.43,459.41,109.52,470.18,117.29,469.75
1460404929,43.425098,21718,762987,134.49,490.00,113.39,469.73,112.05,486.01,119.98,481.91
1460404930,44.204227,22769,785756,137.90,501.65,115.37,473.16,114.64,496.62,122.64,490.48
1460404931,81.149686,11908,797664,139.37,507.38,116.48,481.87,115.81,512.04,123.89,500.43
1460404932,41.932209,24015,821679,142.72,515.19,119.19,501.10,118.09,525.24,126.67,513.84
1460404933,44.562536,23831,845510,145.92,527.72,122.14,509.50,120.25,531.63,129.44,522.95
1460404934,48.475715,17303,862813,148.09,538.43,123.61,518.62,121.54,538.96,131.08,532.00
1460404935,74.476290,15400,878213,150.26,541.22,125.20,523.58,123.29,549.13,132.92,537.98
1460404936,47.682119,21166,899379,153.51,565.26,127.27,531.10,125.38,560.23,135.39,552.20
1460404937,40.962062,23212,922591,156.70,574.43,128.76,548.22,127.90,570.72,137.79,564.46
1460404938,50.700569,14082,936673,158.11,579.71,129.52,550.88,129.18,575.95,138.94,568.85
1460404939,64.925250,20433,957106,160.41,588.34,132.08,561.28,131.48,583.36,141.32,577.66
1460404940,45.857954,21807,978913,163.55,602.44,134.47,573.28,133.52,596.52,143.85,590.75
1460404941,40.068587,24168,1003081,166.51,608.84,136.50,589.30,135.24,613.19,146.08,603.78
1460404942,75.525011,13539,1016620,167.65,617.24,137.44,590.93,136.70,622.68,147.26,610.28
1460404943,49.754580,19995,1036615,170.39,633.23,139.77,601.47,138.53,626.13,149.56,620.28
1460404944,45.726325,20661,1057276,172.64,639.99,141.32,605.58,141.00,631.97,151.65,625.85
1460404945,48.236508,20591,1077867,175.32,654.16,143.05,616.72,142.58,639.99,153.65,636.96
1460404946,78.524112,12836,1090703,176.04,658.46,143.70,620.28,143.55,651.26,154.43,643.33
1460404947,56.734622,18448,1109151,178.32,664.71,145.60,624.73,145.32,658.04,156.41,649.16
1460404948,44.658585,22331,1131482,180.35,677.72,147.89,640.88,147.25,670.33,158.50,662.98
1460404949,44.140278,22168,1153650,182.21,686.30,149.60,647.11,149.64,686.03,160.48,673.15
1460404950,85.569870,11798,1165448,183.19,691.31,150.74,658.07,150.31,690.76,161.41,680.05
1460404951,40.319185,22011,1187459,185.95,708.77,153.06,665.32,153.17,697.72,164.06,690.60
1460404952,47.641403,23131,1210590,188.22,715.35,155.29,677.28,154.79,710.70,166.10,701.11
1460404953,40.531604,21709,1232299,189.55,718.16,156.62,683.29,155.72,718.60,167.30,706.68
1460404954,66.502409,16699,1248998,191.80,733.17,158.28,689.89,156.96,731.80,169.01,718.29
1460404955,46.783422,21046,1270044,194.65,740.38,159.76,705.36,158.32,735.51,170.91,727.08
1460404956,51.067051,17841,1287885,196.81,751.32,161.61,718.61,160.01,736.14,172.81,735.36
1460404957,54.075254,18177,1306062,197.83,754.63,161.46,719.20,160.86,753.04,173.38,742.29
1460404958,67.231130,15984,1322046,199.67,761.43,162.98,729.92,162.34,759.44,175.00,750.26
1460404959,51.471659,17867,1339913,201.58,768.50,164.61,740.30,164.10,768.26,176.76,759.02
1460404960,53.868276,20830,1360743,203.25,783.24,166.35,747.52,165.89,774.58,178.50,768.45
1460404961,50.374749,19122,1379865,204.16,790.05,166.66,753.72,166.92,783.38,179.25,775.72
1460404962,67.670905,13535,1393400,205.35,793.63,168.04,759.24,168.11,791.42,180.50,781.43
1460404963,51.000499,19137,1412537,207.08,800.26,169.71,765.72,169.78,796.30,182.19,787.43
1460404964,53.035658,19755,1432292,209.09,810.70,171.64,774.29,171.89,810.99,184.21,798.66
1460404965,41.712092,21663,1453955,210.05,826.41,172.41,785.38,173.04,822.21,185.17,811.33
1460404966,65.583523,17145,1471100,211.58,837.94,174.38,795.77,173.64,828.18,186.53,820.63
1460404967,45.998462,18922,1490022,213.46,844.51,175.76,801.78,174.99,842.68,188.07,829.66
1460404968,52.573188,19480,1509502,215.42,852.28,177.07,812.95,176.27,858.33,189.59,841.19
1460404969,50.647275,18329,1527831,217.05,858.11,177.45,821.22,176.99,864.92,190.50,848.08
1460404970,59.998242,20228,1548059,218.78,866.57,178.57,829.04,178.37,867.08,191.91,854.23
1460404971,51.499539,19431,1567490,220.45,878.41,179.83,834.91,179.79,874.47,193.36,862.60
1460404972,50.884090,19244,1586734,222.20,884.45,180.99,843.22,181.19,881.30,194.79,869.66
1460404973,47.614844,15077,1601811,222.56,887.24,182.23,854.63,181.89,889.09,195.56,876.99
1460404974,62.864464,20610,1622421,224.25,898.54,183.67,865.55,183.66,898.20,197.19,887.43
1460404975,52.107886,19236,1641657,225.90,909.65,185.04,878.90,185.03,902.62,198.66,897.06
1460404976,54.053353,18526,1660183,227.66,918.12,186.27,884.23,186.25,913.44,200.06,905.26
1460404977,58.647204,15489,1675672,228.15,926.24,185.99,887.39,186.73,917.00,200.29,910.21
1460404978,55.321051,18220,1693892,229.08,934.66,187.30,899.08,188.30,927.14,201.56,920.29
1460404979,53.752791,19817,1713709,230.10,940.16,188.85,911.78,190.11,938.42,203.02,930.12
1460404980,57.560812,17312,1731021,231.97,947.92,190.46,920.71,191.27,948.46,204.57,939.03
1460404981,47.394657,18623,1749644,232.43,951.49,190.52,923.80,191.79,954.17,204.91,943.15
1460404982,71.015909,12497,1762141,234.20,966.36,192.29,930.14,193.49,958.38,206.66,951.63
1460404983,43.358388,23094,1785235,235.91,978.88,194.17,943.39,194.76,970.02,208.28,964.10
1460404984,48.898249,22507,1807742,237.49,985.26,195.31,957.38,195.42,986.19,209.41,976.28
1460404985,56.895537,15778,1823520,237.41,986.03,195.06,957.96,195.45,991.10,209.31,978.36
1460404986,102.743918,11571,1835091,238.80,999.60,196.10,976.18,196.73,998.24,210.54,991.34
1460404987,45.370501,18673,1853764,240.56,1013.26,197.32,987.60,197.22,1004.86,211.70,1001.91
1460404988,51.158640,22679,1876443,242.12,1022.01,197.68,997.75,198.14,1012.04,212.65,1010.60
1460404989,54.880134,16554,1892997,242.46,1024.77,198.50,1005.87,199.38,1018.68,213.45,1016.44
1460404990,112.175361,8374,1901371,243.65,1031.87,199.34,1009.93,199.42,1019.49,214.14,1020.43
1460404991,48.324208,22619,1923990,245.25,1037.60,199.72,1012.71,200.52,1037.71,215.16,1029.34
1460404992,53.533900,18731,1942721,246.47,1048.67,200.66,1032.65,201.91,1046.25,216.35,1042.52
1460404993,53.454714,19872,1962593,247.51,1056.60,202.19,1039.18,203.30,1052.65,217.67,1049.48
1460404994,96.349944,9589,1972182,248.10,1060.32,201.65,1040.07,203.02,1055.80,217.59,1052.06
1460404995,51.788584,20052,1992234,248.87,1070.22,202.97,1045.14,204.70,1068.34,218.85,1061.23
1460404996,73.306240,13931,2006165,250.47,1076.20,203.97,1070.19,205.11,1071.93,219.85,1072.77
1460404997,48.170303,17680,2023845,251.78,1083.94,204.57,1077.95,206.35,1079.17,220.90,1080.35
1460404998,46.272301,21114,2044959,251.81,1092.10,205.72,1084.51,206.63,1089.78,221.39,1088.80
1460404999,93.719627,12437,2057396,253.34,1101.04,206.66,1096.78,208.19,1096.80,222.73,1098.21
1460405000,49.988074,19919,2077315,254.94,1109.23,207.93,1102.56,210.00,1104.87,224.29,1105.55
1460405001,31.409698,24347,2101662,256.52,1126.51,209.57,1112.84,211.76,1114.72,225.95,1118.02
1460405002,53.705159,17164,2118826,256.55,1131.22,210.03,1115.57,211.67,1123.08,226.08,1123.29
1460405003,81.947784,15871,2134697,258.17,1136.92,211.36,1121.78,212.92,1133.33,227.48,1130.68
1460405004,36.479357,21095,2155792,259.82,1146.52,213.01,1132.46,213.97,1145.06,228.93,1141.35
1460405005,45.274793,26258,2182050,261.50,1161.42,214.70,1143.12,213.80,1152.36,230.00,1152.30
1460405006,64.973599,10770,2192820,261.53,1164.99,214.73,1156.79,215.26,1160.73,230.51,1160.84
1460405007,62.135379,17737,2210557,262.96,1175.58,215.49,1173.95,216.09,1167.14,231.51,1172.22
1460405008,52.441638,23415,2233972,264.75,1181.20,215.70,1181.75,216.25,1172.48,232.23,1178.48
1460405009,63.950701,14792,2248764,265.57,1182.93,216.71,1189.47,217.74,1183.88,233.34,1185.43
1460405010,59.684510,17795,2266559,266.31,1196.78,216.43,1192.36,217.12,1184.08,233.29,1191.07
1460405011,72.133952,12622,2279181,267.16,1203.98,217.16,1199.91,218.47,1198.60,234.26,1200.83
1460405012,64.153179,16878,2296059,268.40,1209.04,218.41,1210.92,219.11,1205.17,235.31,1208.38
1460405013,43.728947,22711,2318770,269.96,1217.88,218.41,1212.88,219.73,1212.04,236.03,1214.27
1460405014,49.630477,19314,2338084,269.82,1220.56,219.32,1222.66,221.24,1223.13,236.79,1222.12
1460405015,115.105262,8995,2347079,270.76,1229.77,219.26,1223.46,220.96,1224.37,236.99,1225.87
1460405016,50.060460,19539,2366618,271.17,1233.81,220.54,1239.53,222.60,1240.69,238.10,1238.01
1460405017,60.590424,11226,2377844,272.66,1250.85,221.01,1247.28,222.76,1242.69,238.81,1246.94
1460405018,50.518996,23185,2401029,273.60,1263.18,221.62,1254.80,223.83,1251.20,239.68,1256.39
1460405019,74.321442,13405,2414434,273.54,1266.94,221.50,1260.04,223.71,1251.48,239.58,1259.49
1460405020,56.977582,17331,2431765,274.27,1275.06,222.32,1268.38,224.92,1265.29,240.50,1269.58
1460405021,82.197764,14282,2446047,275.18,1280.34,223.65,1277.94,225.72,1275.28,241.52,1277.85
1460405022,46.904792,21037,2467084,276.28,1291.28,223.86,1286.10,226.50,1280.87,242.21,1286.08
1460405023,54.277872,18598,2485682,276.09,1293.36,224.07,1293.97,226.46,1282.30,242.21,1289.88
1460405024,78.576848,9324,2495006,276.91,1302.89,224.79,1303.20,227.42,1293.90,243.04,1300.00
1460405025,75.571410,16617,2511623,277.43,1306.40,226.17,1313.34,228.48,1304.55,244.03,1308.10
1460405026,53.629667,17211,2528834,278.42,1317.90,226.42,1316.09,229.24,1311.67,244.69,1315.22
1460405027,47.220695,22858,2551692,278.93,1328.08,227.81,1323.73,230.77,1323.13,245.84,1324.98
1460405028,92.052002,10378,2562070,279.39,1332.14,227.58,1323.73,230.60,1326.29,245.86,1327.39
1460405029,49.213078,21048,2583118,280.65,1338.49,229.08,1341.20,232.15,1334.29,247.29,1337.99
1460405030,57.373585,17418,2600536,281.46,1344.13,229.98,1354.78,233.10,1342.10,248.18,1347.00
1460405031,31.323573,23507,2624043,282.88,1357.40,231.19,1361.34,234.08,1356.22,249.38,1358.32
1460405032,69.770077,11899,2635942,282.82,1366.16,231.21,1370.24,234.08,1357.92,249.37,1364.77
1460405033,55.289984,21071,2657013,284.18,1377.69,232.76,1376.50,235.09,1369.74,250.68,1374.64
1460405034,51.956732,23651,2680664,285.58,1389.60,232.94,1378.73,234.67,1370.53,251.06,1379.62
1460405035,59.811490,15348,2696012,286.21,1393.82,233.88,1387.52,236.06,1384.28,252.05,1388.54
1460405036,57.377432,13766,2709778,286.31,1402.68,233.45,1387.52,235.64,1384.28,251.80,1391.49
1460405037,97.491787,12525,2722303,287.00,1412.26,234.63,1396.82,236.72,1404.69,252.78,1404.59
1460405038,54.232064,19983,2742286,288.35,1421.17,234.48,1398.31,236.64,1412.26,253.16,1410.58
1460405039,59.602368,16871,2759157,288.74,1424.06,235.86,1423.22,238.06,1419.83,254.22,1422.37
1460405040,50.494465,19609,2778766,288.83,1426.88,235.46,1424.19,237.74,1424.80,254.01,1425.29
1460405041,95.262088,7428,2786194,290.22,1433.84,236.25,1431.84,237.90,1434.46,254.79,1433.38
1460405042,58.455464,18036,2804230,290.82,1443.82,236.44,1437.43,238.88,1447.94,255.38,1443.06
1460405043,62.922237,15484,2819714,291.98,1450.75,237.47,1447.50,239.34,1450.45,256.26,1449.57
1460405044,48.298094,21825,2841539,292.69,1464.00,237.44,1455.51,240.09,1457.05,256.74,1458.85
1460405045,84.937514,12725,2854264,292.69,1466.90,236.89,1455.51,239.39,1457.05,256.32,1459.82
1460405046,98.665149,11399,2865663,292.67,1469.86,238.29,1469.44,240.76,1466.33,257.24,1468.54
1460405047,50.044040,19369,2885032,294.22,1481.05,238.08,1471.68,240.73,1470.16,257.68,1474.30
1460405048,67.383565,15269,2900301,294.35,1482.41,239.54,1492.57,241.91,1488.09,258.60,1487.69
1460405049,44.043844,20041,2920342,295.72,1497.85,239.28,1496.99,242.10,1494.90,259.03,1496.58
1460405050,92.550864,10918,2931260,295.55,1502.94,239.34,1500.52,241.99,1495.52,258.96,1499.66
1460405051,52.136617,20051,2951311,295.85,1511.34,240.10,1505.88,243.30,1507.33,259.75,1508.18
1460405052,103.113683,7209,2958520,296.98,1516.94,240.37,1507.56,243.37,1508.18,260.24,1510.89
1460405053,49.913022,26188,2984708,297.05,1523.54,241.48,1528.92,244.77,1516.96,261.10,1523.14
1460405054,77.152259,9373,,,,,,,,,
1460405055,123.053011,5919,,,,,,,,,
