unix_ts,avg_latency_ms,throughput,cumulative_throughput,cpu_1,memory_mb_1,cpu_2,memory_mb_2,cpu_3,memory_mb_3,avg_cpu,avg_memory_mb
1460429352,16.221324,6080,6080,7.98,54.47,8.12,63.93,8.47,55.92,8.19,58.11
1460429353,21.067219,20819,26899,49.83,150.10,75.69,164.64,54.99,148.13,60.17,154.29
1460429354,37.076264,22621,49520,88.63,236.52,135.99,258.22,83.69,232.20,102.77,242.31
1460429355,38.845355,30585,80105,100.27,273.08,164.31,393.38,95.90,253.39,120.16,306.62
1460429356,29.411806,34780,114885,114.04,413.44,196.19,461.94,105.88,393.80,138.70,423.06
1460429357,25.852399,38713,153598,121.47,457.14,217.19,686.02,122.21,434.06,153.62,525.74
1460429358,25.080740,39670,193268,131.05,717.87,242.94,741.68,139.37,708.64,171.12,722.73
1460429359,29.136735,34279,227547,141.00,717.90,264.70,1055.22,145.25,708.76,183.65,827.29
1460429360,22.871811,43603,271150,147.79,797.88,282.66,1056.03,154.84,784.86,195.10,879.59
1460429361,23.979560,41724,312874,156.25,855.23,299.81,1133.90,162.03,870.92,206.03,953.35
1460429362,25.597335,38908,351782,165.78,1116.27,315.06,1150.29,170.47,1095.12,217.10,1120.56
1460429363,52.768686,18992,370774,168.73,1116.36,330.05,1606.37,172.73,1095.12,223.84,1272.62
1460429364,44.421581,19473,390247,175.15,1206.73,340.33,1621.39,176.85,1215.79,230.78,1347.97
1460429365,26.450302,42846,433093,190.61,1234.34,337.95,1621.39,191.92,1219.76,240.16,1358.50
1460429366,25.499490,39081,472174,196.29,1234.34,347.15,1687.77,195.62,1219.76,246.35,1380.62
1460429367,23.317564,42834,515008,198.79,1328.54,357.94,1687.77,201.19,1365.17,252.64,1460.49
1460429368,24.220632,18765,533773,206.48,1681.09,366.23,1695.96,208.29,1653.63,260.33,1676.89
1460429369,58.108817,26543,560316,202.11,1681.09,378.17,1788.24,200.95,1656.14,260.41,1708.49
1460429370,23.990388,41810,602126,201.99,1681.09,385.66,1794.52,203.61,1656.39,263.75,1710.67
1460429371,25.187197,38781,640907,205.57,1681.09,391.00,1794.46,206.61,1656.39,267.73,1710.65
1460429372,532.225897,1278,642185,216.54,1784.06,389.08,1795.45,219.16,1789.21,274.93,1789.57
1460429373,29.840783,44876,687061,227.34,1803.48,386.77,1795.45,227.01,1789.99,280.37,1796.31
1460429374,25.896278,38430,725491,230.25,1803.48,392.96,1805.90,229.63,1789.99,284.28,1799.79
1460429375,24.083866,41693,767184,230.32,1803.48,398.08,1805.90,230.85,1789.99,286.42,1799.79
1460429376,31.366617,31752,798936,232.03,1852.65,403.21,1805.90,234.74,1835.49,289.99,1831.35
1460429377,23.021402,43509,842445,233.56,1852.65,408.03,1895.92,235.48,1835.49,292.36,1861.35
1460429378,25.161185,39679,882124,235.71,1852.65,412.73,1895.92,236.18,1835.49,294.87,1861.35
1460429379,23.341649,42718,924842,238.50,1898.44,416.75,1906.53,238.97,1881.46,298.07,1895.48
1460429380,22.306869,34611,959453,239.73,1898.44,421.31,1906.53,240.84,1881.46,300.63,1895.48
1460429382,134.894924,16516,975969,237.63,1898.44,429.54,2033.80,238.53,1881.46,301.90,1937.90
1460429383,20.089925,11560,987529,234.10,1898.44,435.50,2033.80,232.26,1881.46,300.62,1937.90
1460429384,175.101571,6861,994390,238.59,2022.72,434.88,2035.16,237.16,2011.05,303.54,2022.98
1460429385,37.037749,40524,1034914,252.59,2058.06,426.32,2035.16,251.94,2054.06,310.28,2049.09
1460429386,30.784751,34598,1069512,253.81,2059.25,424.89,2035.16,252.64,2055.46,310.45,2049.96
1460429387,22.404608,44594,1114106,254.69,2059.25,428.39,2035.34,253.27,2055.46,312.12,2050.02
1460429388,108.858986,7045,1121151,255.78,2059.25,431.20,2035.34,253.74,2055.46,313.57,2050.02
1460429389,28.713586,42597,1163748,255.94,2049.69,430.24,2035.60,252.63,2038.67,312.94,2041.32
1460429390,77.084024,10028,1173776,254.27,2049.69,429.19,2035.60,251.09,2038.67,311.52,2041.32
1460429391,478.446733,2502,1176278,253.77,2049.69,428.44,2035.60,250.33,2038.67,310.85,2041.32
1460429392,502.217393,2001,1178279,249.71,2049.69,419.81,2035.60,246.63,2038.67,305.38,2041.32
1460429393,629.744680,1009,1179288,245.01,2049.69,411.50,2035.60,243.21,2038.67,299.91,2041.32
1460429394,1369.471854,1000,1180288,240.28,2049.69,403.34,2035.60,239.41,2038.67,294.34,2041.32
1460429396,1675.442285,1,1180289,235.53,2049.69,395.39,2035.60,235.27,2038.67,288.73,2041.32
1460429412,68.826018,41214,1221503,231.07,2049.69,387.69,2035.60,229.04,2038.67,282.60,2041.32
1460429413,16.671998,37873,1259376,220.56,2049.69,380.16,2035.60,224.55,2038.67,275.09,2041.32
1460429414,17.866362,39268,1298644,217.11,2050.01,372.92,2035.60,220.57,2038.68,270.20,2041.43
1460429415,16.013845,41427,1340071,210.52,2051.05,366.28,2035.95,216.41,2038.68,264.40,2041.89
1460429416,16.167495,40973,1381044,207.48,2051.35,360.29,2035.95,211.57,2039.57,259.78,2042.29
1460429417,17.149693,38953,1419997,200.13,2051.18,355.27,2037.74,207.86,2039.38,254.42,2042.77
1460429418,14.321733,46260,1466257,197.19,2051.18,349.09,2037.76,200.45,2039.40,248.91,2042.78
1460429419,18.842770,35278,1501535,191.38,2051.18,337.96,2037.70,197.39,2039.40,242.24,2042.76
1460429420,14.149393,25172,1526707,188.53,2051.18,332.58,2037.70,190.38,2039.40,237.16,2042.76
1460429422,1540.822503,161,1526868,181.56,2050.88,327.10,2037.70,188.06,2040.81,232.24,2043.13
1460429431,157.200723,3794,1530662,179.03,2050.88,321.78,2037.70,185.08,2040.81,228.63,2043.13
1460429432,25.339470,28778,1559440,176.93,2051.37,314.32,2046.26,181.39,2040.81,224.21,2046.15
1460429433,60.103086,21323,1580763,175.89,2051.37,309.54,2046.26,178.64,2040.81,221.36,2046.15
1460429434,27.781722,39909,1620672,175.60,2051.37,305.08,2046.26,180.34,2061.67,220.34,2053.10
1460429435,33.208741,30350,1651022,174.60,2051.37,300.71,2046.26,182.67,2062.49,219.33,2053.37
1460429436,27.570596,27876,1678898,174.40,2051.64,301.59,2058.16,187.40,2103.69,221.13,2071.16
1460429438,2260.103505,244,1679142,173.78,2051.52,304.78,2058.07,191.16,2108.07,223.24,2072.55
1460429439,72.545497,35976,1715118,173.06,2051.52,306.45,2118.76,194.59,2149.09,224.70,2106.46
1460429440,19.408513,34402,1749520,173.86,2138.96,309.06,2118.76,196.56,2149.09,226.49,2135.60
1460429441,17.309814,37831,1787351,181.67,2576.75,311.96,2116.82,198.73,2149.09,230.79,2280.89
1460429442,46.961017,37076,1824427,182.22,2577.44,313.76,2116.82,201.22,2149.84,232.40,2281.37
1460429443,28.942244,34648,1859075,181.93,2577.44,316.49,2143.92,201.39,2149.84,233.27,2290.40
1460429444,29.807710,33397,1892472,181.49,2574.39,318.78,2209.57,198.74,2149.75,233.00,2311.24
1460429445,26.567823,37572,1930044,183.54,2585.11,321.03,2209.57,197.40,2149.75,233.99,2314.81
1460429446,32.136059,30906,1960950,189.75,2591.50,316.96,2209.57,195.97,2148.00,234.23,2316.36
1460429447,185.409539,2687,1963637,188.87,2592.76,312.86,2209.57,192.65,2148.00,231.46,2316.78
1460429448,685.288898,2002,1965639,187.90,2592.76,309.23,2209.57,190.34,2143.39,229.16,2315.24
1460429449,1267.343548,7,1965646,186.97,2583.86,307.59,2209.19,186.07,2145.20,226.88,2312.75
1460429483,3400.083538,163,1965809,186.06,2583.86,305.09,2209.19,184.06,2145.20,225.07,2312.75
1460429491,362.993893,4644,,,,,,,,,
