unix_ts,avg_latency_ms,throughput,cumulative_throughput,cpu_1,memory_mb_1,cpu_2,memory_mb_2,cpu_3,memory_mb_3,avg_cpu,avg_memory_mb
1458944286,36.901988,9799,9799,2.24,33.64,1.40,21.02,2.00,30.92,1.88,28.53
1458944287,31.204885,27917,37716,13.26,54.22,13.54,44.63,14.11,52.02,13.64,50.29
1458944288,34.173991,24721,62437,25.00,54.22,26.64,44.88,29.43,54.26,27.02,51.12
1458944289,32.901078,25650,88087,36.76,56.25,39.91,44.88,44.25,55.42,40.31,52.18
1458944290,32.305117,26604,114691,48.28,56.49,52.05,44.88,57.82,55.42,52.72,52.26
1458944291,35.080184,21584,136275,58.81,56.71,63.22,44.88,69.70,55.42,63.91,52.34
1458944292,414.113169,680,136955,60.32,56.71,65.18,44.88,71.72,55.42,65.74,52.34
1458944293,903.038877,245,137200,57.79,56.71,62.54,44.88,68.93,55.42,63.09,52.34
1458944294,705.337181,411,137611,55.44,57.73,60.00,44.88,66.39,55.42,60.61,52.68
1458944295,856.297401,159,137770,53.27,57.73,57.59,44.88,63.73,55.42,58.20,52.68
1458944296,1021.521694,191,137961,51.30,57.73,55.39,44.88,61.18,55.42,55.96,52.68
1458944297,420.153300,59,138020,49.52,57.73,53.34,44.88,58.86,55.42,53.91,52.68
1458944298,1057.781248,87,138107,47.79,57.73,51.40,44.88,56.68,55.42,51.96,52.68
1458944299,946.337463,10,138117,46.20,57.73,49.64,44.88,54.66,55.42,50.17,52.68
1458944300,362.584915,89,138206,44.73,57.73,48.00,44.88,52.76,55.42,48.50,52.68
1458944301,491.383721,46,138252,43.35,57.73,46.44,44.88,51.05,55.42,46.95,52.68
1458944302,1474.541394,7,138259,42.10,57.73,45.00,44.88,49.38,55.42,45.49,52.68
1458944303,2509.742321,1,138260,40.85,57.73,43.62,44.88,47.89,55.42,44.12,52.68
1458944304,843.967445,15,138275,39.70,57.73,42.36,44.88,46.38,55.42,42.81,52.68
1458944305,539.608214,5,138280,38.63,57.73,41.18,44.88,45.07,55.42,41.63,52.68
1458944306,614.358439,19,138299,37.61,57.73,40.03,44.88,43.78,55.42,40.47,52.68
1458944307,732.741872,5,138304,36.65,57.73,38.98,44.88,42.59,55.42,39.41,52.68
1458944308,1735.151716,1,138305,35.77,57.73,37.94,44.88,41.45,55.42,38.39,52.68
1458944309,1114.830248,2,138307,34.87,57.73,36.97,44.88,40.39,55.42,37.41,52.68
1458944311,1467.293654,1,138308,34.07,57.73,36.05,46.81,39.35,55.42,36.49,53.32
1458944313,2530.235162,1,138309,33.27,57.73,35.18,46.81,38.40,55.42,35.62,53.32
1458944346,71.235991,3501,141810,32.53,57.73,34.35,46.81,37.49,55.42,34.79,53.32
1458944347,34.011353,23944,165754,31.82,57.73,33.55,46.81,36.62,55.42,34.00,53.32
1458944348,33.225910,24840,190594,31.13,57.73,32.79,46.81,35.77,55.42,33.23,53.32
1458944349,31.772407,25842,216436,30.49,57.73,32.07,46.81,34.99,55.42,32.52,53.32
1458944350,32.017917,24946,241382,29.87,57.73,31.40,46.81,34.22,55.42,31.83,53.32
1458944351,29.948243,26997,268379,29.28,57.73,30.74,46.81,33.50,55.42,31.17,53.32
1458944352,153.009251,3091,271470,28.71,57.73,30.08,46.81,32.79,55.42,30.53,53.32
1458944353,579.351612,933,272403,28.15,57.73,29.48,46.81,32.14,55.42,29.92,53.32
1458944354,677.788603,488,272891,27.64,57.73,28.92,52.75,31.51,55.42,29.36,55.30
1458944355,755.967599,603,273494,27.14,57.73,28.36,52.75,30.90,55.42,28.80,55.30
1458944356,559.171376,355,273849,26.64,57.73,27.85,52.75,30.33,55.42,28.27,55.30
1458944357,783.764967,54,273903,26.17,57.73,27.33,52.75,29.75,55.42,27.75,55.30
1458944358,379.070430,70,273973,25.72,57.73,26.83,52.75,29.22,55.42,27.26,55.30
1458944359,1055.236554,62,274035,25.29,57.73,26.35,52.75,28.70,55.42,26.78,55.30
1458944360,2121.423675,19,274054,24.86,57.73,25.89,52.75,28.21,55.42,26.32,55.30
1458944361,855.225896,28,274082,24.47,57.73,25.47,52.75,27.72,55.42,25.89,55.30
1458944362,381.589444,13,274095,24.07,57.73,25.04,52.75,27.26,55.42,25.46,55.30
1458944363,239.890726,32,274127,23.71,57.73,24.60,52.75,26.81,55.42,25.04,55.30
1458944364,325.477919,77,274204,23.33,57.73,24.22,52.78,26.38,55.42,24.64,55.31
1458944365,177.094490,27,274231,22.98,57.73,23.84,52.78,25.97,55.42,24.26,55.31
1458944366,1194.812867,22,274253,22.65,57.73,23.46,52.78,25.57,55.42,23.89,55.31
1458944367,1934.893420,2,274255,22.32,57.73,23.10,52.78,25.18,55.42,23.53,55.31
1458944368,904.613742,55,274310,22.01,59.48,22.75,52.78,24.79,55.42,23.18,55.89
1458944369,488.327801,48,274358,21.69,59.48,22.41,52.78,24.43,55.42,22.84,55.89
1458944370,588.043674,5,274363,21.41,59.48,22.09,52.78,24.07,55.42,22.52,55.89
1458944371,1910.045035,2,274365,21.11,59.48,21.78,52.78,23.74,55.42,22.21,55.89
1458944373,2697.220106,1,274366,20.82,59.48,21.46,52.78,23.40,55.42,21.89,55.89
1458944374,960.587854,1,274367,20.54,59.48,21.18,52.78,23.08,55.42,21.60,55.89
1458944406,151.737356,792,275159,20.29,59.48,20.89,52.78,22.77,55.42,21.32,55.89
1458944407,38.861340,21628,296787,20.03,59.48,20.60,52.78,22.45,55.42,21.03,55.89
1458944408,33.200032,24443,321230,19.78,59.48,20.34,52.78,22.17,55.42,20.76,55.89
1458944409,33.471103,24520,345750,19.54,59.48,20.06,52.78,21.88,55.42,20.49,55.89
1458944410,33.696563,24740,370490,19.30,59.48,19.81,52.78,21.60,55.42,20.24,55.89
1458944411,31.809771,25164,395654,19.08,59.48,19.57,52.78,21.33,55.42,19.99,55.89
1458944412,60.549815,10148,405802,18.84,59.48,19.31,52.78,21.06,55.42,19.74,55.89
1458944413,282.969923,1675,407477,20.49,59.48,20.96,52.78,22.72,55.90,21.39,56.05
1458944414,897.714487,670,408147,23.20,59.96,23.59,52.78,26.07,55.90,24.29,56.21
1458944415,610.600653,8,408155,26.02,59.96,26.32,52.78,29.33,55.90,27.22,56.21
1458944416,606.920181,163,408318,28.93,59.96,29.23,52.78,32.55,55.90,30.24,56.21
1458944417,770.236359,344,408662,31.88,59.96,32.25,52.78,35.81,55.90,33.31,56.21
1458944418,2124.200270,24,408686,33.17,59.96,33.51,52.78,37.08,55.90,34.59,56.21
1458944419,518.387888,193,408879,32.90,59.96,33.25,52.78,36.79,55.90,34.31,56.21
1458944420,879.454376,60,408939,32.55,59.96,32.90,52.78,36.47,55.90,33.97,56.21
1458944421,1061.422895,25,408964,32.23,59.96,32.57,52.78,36.13,55.90,33.64,56.21
1458944422,1199.859349,60,409024,31.89,59.96,32.23,52.78,35.77,55.90,33.30,56.21
1458944423,455.311366,36,409060,31.54,59.96,31.88,52.78,35.39,55.90,32.94,56.21
1458944424,444.629914,81,409141,31.21,59.96,31.52,52.78,35.02,55.90,32.58,56.21
1458944425,2114.526800,6,409147,30.88,59.96,31.19,52.78,34.64,55.90,32.24,56.21
1458944426,2356.727107,10,409157,30.56,59.96,30.85,52.78,34.27,55.90,31.89,56.21
1458944427,1531.413780,4,409161,30.24,59.96,30.52,52.78,33.92,55.90,31.56,56.21
1458944428,2003.614965,1,409162,29.93,59.96,30.20,52.78,33.56,55.90,31.23,56.21
1458944429,1239.034347,3,409165,29.64,59.96,29.87,52.78,33.21,55.90,30.91,56.21
1458944430,170.267810,13,409178,29.35,59.96,29.57,52.78,32.89,55.90,30.60,56.21
1458944431,124.275876,12,409190,29.05,59.96,29.28,52.78,32.55,55.90,30.29,56.21
1458944432,1749.350766,1,409191,28.78,59.96,28.98,52.78,32.23,55.90,30.00,56.21
1458944433,155.593505,14,409205,28.51,59.96,28.70,52.78,31.90,55.90,29.70,56.21
1458944434,2275.924123,1,409206,28.23,59.96,28.42,52.78,31.60,55.90,29.42,56.21
1458944435,1437.563990,1,409207,27.97,59.96,28.15,52.78,31.29,55.90,29.14,56.21
1458944437,2039.115555,2,409209,27.70,59.96,27.87,52.78,30.99,55.90,28.85,56.21
1458944438,1039.307104,1,409210,27.45,59.96,27.61,52.78,30.69,55.90,28.58,56.21
1458944466,587.405584,144,409354,27.20,59.96,27.35,52.78,30.41,55.90,28.32,56.21
1458944467,46.859436,18224,427578,26.95,59.96,27.09,52.78,30.12,55.90,28.05,56.21
1458944468,32.466500,25956,453534,26.72,59.96,26.84,52.78,29.85,55.90,27.80,56.21
1458944469,33.854306,24472,478006,26.49,59.96,26.60,52.78,29.57,55.90,27.55,56.21
1458944470,33.514897,24858,502864,26.26,59.96,26.36,52.78,29.31,55.90,27.31,56.21
1458944471,31.878061,25485,528349,26.03,59.96,26.11,52.78,29.04,55.90,27.06,56.21
1458944472,42.905170,14410,542759,25.81,59.96,25.88,52.78,28.79,55.90,26.83,56.21
1458944473,282.690542,2282,545041,25.59,59.96,25.66,52.78,28.53,55.90,26.59,56.21
1458944474,612.347749,610,545651,25.37,59.96,25.43,52.78,28.29,55.90,26.36,56.21
1458944475,609.737631,747,546398,25.16,59.96,25.21,52.78,28.04,55.90,26.14,56.21
1458944476,602.125497,556,546954,24.96,59.96,25.00,52.78,27.80,55.90,25.92,56.21
1458944477,1079.789522,221,547175,24.76,59.96,24.79,52.78,27.57,55.90,25.71,56.21
1458944478,572.003530,193,547368,24.55,59.96,24.58,52.78,27.34,55.90,25.49,56.21
1458944479,397.588255,134,547502,24.36,59.96,24.38,52.78,27.11,55.90,25.28,56.21
1458944480,1331.886503,10,547512,24.17,59.96,24.17,52.78,26.89,55.90,25.08,56.21
1458944481,706.299076,69,547581,23.98,59.96,23.98,52.78,26.67,55.90,24.88,56.21
1458944482,721.837996,17,547598,23.79,59.96,23.78,52.78,26.46,55.90,24.68,56.21
1458944483,376.217025,143,547741,23.61,59.96,23.60,52.78,26.25,55.90,24.49,56.21
1458944484,656.060701,151,547892,23.43,59.96,23.40,52.78,26.04,55.90,24.29,56.21
1458944485,1445.085484,4,547896,23.25,59.96,23.22,52.78,25.84,55.90,24.10,56.21
1458944486,481.042082,129,548025,23.08,59.96,23.04,52.78,25.64,55.90,23.92,56.21
1458944487,578.224899,104,548129,22.91,59.96,22.86,52.78,25.44,55.90,23.74,56.21
1458944488,394.002642,18,548147,22.74,59.96,22.68,52.78,25.25,55.90,23.56,56.21
1458944489,1553.094867,2,548149,22.57,59.96,22.51,52.78,25.05,55.90,23.38,56.21
1458944490,348.428275,42,548191,22.41,59.96,22.35,52.78,24.88,55.90,23.21,56.21
1458944491,298.917462,52,548243,22.24,59.96,22.18,52.78,24.68,55.90,23.03,56.21
1458944492,1538.369185,4,548247,22.09,59.96,22.00,52.78,24.50,55.90,22.86,56.21
1458944493,1362.754039,2,548249,21.93,59.96,21.85,52.78,24.32,55.90,22.70,56.21
1458944494,759.704512,18,548267,21.78,59.96,21.68,52.78,24.14,55.90,22.53,56.21
1458944495,339.426081,21,548288,21.63,59.96,21.53,52.78,23.97,55.90,22.38,56.21
1458944496,1053.579134,1,548289,21.49,59.96,21.38,52.78,23.80,55.90,22.22,56.21
1458944497,2772.628744,5,548294,21.34,59.96,21.22,52.78,23.63,55.90,22.06,56.21
1458944498,886.489184,6,548300,21.19,59.96,21.08,52.78,23.47,55.90,21.91,56.21
1458944500,822.831536,15,548315,21.05,59.96,20.93,52.78,23.30,55.90,21.76,56.21
1458944501,1443.402992,8,548323,20.91,59.96,20.78,52.78,23.14,55.90,21.61,56.21
1458944527,50.389602,15219,563542,21.76,59.96,21.62,52.78,24.02,55.90,22.47,56.21
1458944528,35.105566,23785,587327,23.15,59.96,23.03,52.78,25.42,55.90,23.87,56.21
1458944529,34.031977,24641,611968,24.71,59.96,24.52,52.78,27.09,55.90,25.44,56.21
1458944530,35.014593,22363,634331,26.35,59.96,26.16,53.02,28.84,55.90,27.12,56.29
1458944531,32.904879,24094,658425,27.89,59.96,27.81,53.02,30.62,55.90,28.77,56.29
1458944532,37.809050,18218,676643,28.88,59.96,28.85,53.02,31.57,55.90,29.77,56.29
1458944533,274.222296,3022,679665,28.86,59.96,28.79,53.02,31.50,55.90,29.72,56.29
1458944534,318.175321,1105,680770,28.74,59.96,28.61,53.02,31.33,55.90,29.56,56.29
1458944535,679.195060,708,681478,28.56,59.96,28.43,53.02,31.15,55.90,29.38,56.29
1458944536,771.589624,905,682383,28.39,59.96,28.27,53.02,30.99,55.90,29.22,56.29
1458944537,692.480331,545,682928,28.21,59.96,28.09,53.02,30.82,55.90,29.04,56.29
1458944538,453.031073,235,683163,28.04,59.96,27.91,53.02,30.63,55.90,28.86,56.29
1458944539,530.434394,351,683514,27.87,59.96,27.74,53.02,30.44,55.90,28.68,56.29
1458944540,612.455139,196,683710,27.70,59.96,27.57,53.02,30.26,55.90,28.51,56.29
1458944541,938.325987,148,683858,27.53,59.96,27.39,53.02,30.07,55.90,28.33,56.29
1458944542,1491.400580,57,683915,27.36,59.96,27.21,53.02,29.89,55.90,28.15,56.29
1458944543,811.488667,101,684016,27.20,59.96,27.05,53.02,29.70,55.90,27.98,56.29
1458944544,400.654579,91,684107,27.03,59.96,26.90,53.02,29.53,55.90,27.82,56.29
1458944545,769.759880,77,684184,26.87,59.96,26.74,53.02,29.34,55.90,27.65,56.29
1458944546,331.264570,135,684319,26.71,59.96,26.56,53.02,29.16,55.90,27.48,56.29
1458944547,269.205366,138,684457,26.56,59.96,26.40,53.02,28.99,55.90,27.32,56.29
1458944548,428.551285,257,684714,26.39,59.96,26.24,53.02,28.81,55.90,27.15,56.29
1458944549,956.653637,27,684741,26.24,59.96,26.08,53.02,28.64,55.90,26.99,56.29
1458944550,1019.812412,27,684768,26.10,59.96,25.93,53.02,28.47,55.90,26.83,56.29
1458944551,1004.907063,24,684792,25.95,59.96,25.78,53.02,28.30,55.90,26.68,56.29
1458944552,899.639188,8,684800,25.80,59.96,25.62,53.02,28.14,55.90,26.52,56.29
1458944553,101.220258,41,684841,25.65,59.96,25.47,53.02,27.98,55.90,26.37,56.29
1458944554,1347.988030,2,684843,25.51,60.90,25.33,53.02,27.81,55.90,26.22,56.61
1458944555,1927.094987,1,684844,25.37,60.90,25.18,53.02,27.65,55.90,26.07,56.61
1458944558,3976.073983,4,684848,25.23,60.90,25.03,53.02,27.50,55.90,25.92,56.61
1458944561,1570.284629,2,684850,25.09,60.90,24.88,53.02,27.34,55.90,25.77,56.61
1458944562,2403.829547,1,684851,24.95,60.90,24.74,53.02,27.19,55.90,25.63,56.61
1458944587,52.197621,11519,696370,24.82,60.90,24.60,53.02,27.04,55.90,25.49,56.61
1458944588,35.755034,22689,719059,24.69,60.90,24.46,53.02,26.88,55.90,25.34,56.61
1458944589,32.801671,25234,744293,24.56,60.90,24.32,53.02,26.74,55.90,25.21,56.61
1458944590,33.722570,24858,769151,24.43,60.90,24.18,53.02,26.59,55.90,25.07,56.61
1458944591,34.464495,23900,793051,24.30,60.90,24.05,53.02,26.44,55.90,24.93,56.61
1458944592,37.590533,20535,813586,24.17,60.90,23.92,53.02,26.30,55.90,24.80,56.61
1458944593,154.759961,3745,817331,24.04,60.90,23.78,53.02,26.15,55.90,24.66,56.61
1458944594,400.470557,1824,819155,23.92,60.90,23.65,53.02,26.01,55.90,24.53,56.61
1458944595,308.246565,655,819810,23.80,60.90,23.53,53.02,25.88,55.90,24.40,56.61
1458944596,956.422375,406,820216,23.68,60.90,23.40,53.02,25.74,55.90,24.27,56.61
1458944597,260.759733,1084,821300,23.56,60.90,23.27,53.02,25.60,55.90,24.14,56.61
1458944598,561.916783,256,821556,23.44,60.90,23.15,53.02,25.47,55.90,24.02,56.61
1458944599,451.953977,274,821830,23.32,60.90,23.02,53.02,25.34,55.90,23.89,56.61
1458944600,678.033256,231,822061,23.20,60.90,22.90,53.02,25.21,55.90,23.77,56.61
1458944601,671.034686,343,822404,23.09,60.90,22.78,53.02,25.07,55.90,23.65,56.61
1458944602,853.331545,349,822753,22.97,60.90,22.66,53.02,24.95,55.90,23.53,56.61
1458944603,237.838089,312,823065,22.85,60.90,22.54,53.02,24.81,55.90,23.40,56.61
1458944604,335.456133,87,823152,22.74,60.90,22.43,53.02,24.70,55.90,23.29,56.61
1458944605,1263.914293,29,823181,22.63,60.90,22.31,53.02,24.57,55.90,23.17,56.61
1458944606,409.021335,46,823227,22.52,60.90,22.20,53.02,24.45,55.90,23.06,56.61
1458944607,298.368402,150,823377,22.41,60.90,22.09,53.02,24.33,55.90,22.94,56.61
1458944608,968.333291,16,823393,22.30,60.90,21.97,53.02,24.21,55.90,22.83,56.61
1458944609,533.164840,71,823464,22.20,60.90,21.86,53.02,24.09,55.90,22.72,56.61
1458944610,180.506507,34,823498,22.09,60.90,21.76,53.02,23.97,55.90,22.61,56.61
1458944611,1067.217278,41,823539,22.00,60.90,21.64,53.02,23.85,55.90,22.50,56.61
1458944612,131.091041,47,823586,21.89,60.90,21.53,53.02,23.74,55.90,22.39,56.61
1458944613,1170.966841,13,823599,21.79,60.90,21.43,53.02,23.62,55.90,22.28,56.61
1458944614,216.619276,88,823687,21.69,60.90,21.32,53.02,23.52,55.90,22.18,56.61
1458944615,433.421691,7,823694,22.19,60.90,21.85,53.02,24.06,55.90,22.70,56.61
1458944616,1940.665433,1,823695,23.20,60.90,22.86,53.02,25.06,55.90,23.71,56.61
1458944618,158.151384,7,823702,24.14,60.90,23.95,53.02,26.29,56.14,24.79,56.69
1458944619,739.960953,1,823703,25.28,60.90,25.10,53.02,27.49,56.14,25.96,56.69
1458944623,337.989321,23,823726,26.42,60.90,26.27,53.02,28.77,56.14,27.15,56.69
1458944625,1712.482091,1,,,,,,,,,
