second,avg_latency_ms_etcd_v3,throughput_etcd_v3,cumulative_throughput_etcd_v3,avg_cpu_etcd_v3,avg_memory_mb_etcd_v3,avg_latency_ms_zookeeper_v3.4.8_snapshot1,throughput_zookeeper_v3.4.8_snapshot1,cumulative_throughput_zookeeper_v3.4.8_snapshot1,avg_cpu_zookeeper_v3.4.8_snapshot1,avg_memory_mb_zookeeper_v3.4.8_snapshot1,avg_latency_ms_zookeeper_v3.4.8_snapshot2,throughput_zookeeper_v3.4.8_snapshot2,cumulative_throughput_zookeeper_v3.4.8_snapshot2,avg_cpu_zookeeper_v3.4.8_snapshot2,avg_memory_mb_zookeeper_v3.4.8_snapshot2,avg_latency_ms_zookeeper_v3.4.8_snapshot3,throughput_zookeeper_v3.4.8_snapshot3,cumulative_throughput_zookeeper_v3.4.8_snapshot3,avg_cpu_zookeeper_v3.4.8_snapshot3,avg_memory_mb_zookeeper_v3.4.8_snapshot3
0,29.387270,15427,15427,2.62,23.05,16.532814,7203,7203,8.50,57.83,13.606413,13596,13596,44.74,123.14,13.648913,6099,6099,8.36,57.42
1,29.459723,33125,48552,49.95,76.09,36.795264,18547,25750,59.04,145.09,31.473004,22933,36529,85.29,200.68,35.449914,16321,22420,59.57,148.33
2,33.760112,29223,77775,90.28,86.65,47.604462,21760,47510,92.86,213.49,73.608046,17158,53687,104.22,269.78,50.219138,17643,40063,88.88,219.03
3,49.996969,19758,97533,122.95,98.16,28.963648,35927,83437,110.65,301.15,23.155076,42972,96659,120.35,341.33,29.911238,36876,76939,101.62,296.72
4,33.527206,28998,126531,139.14,104.92,26.172813,38627,122064,135.38,422.51,24.260715,41093,137752,137.60,495.62,27.018079,37150,114089,121.25,413.54
5,33.740836,29322,155853,163.57,117.44,23.586128,41844,163908,153.42,522.85,22.303401,44739,182491,153.11,542.22,23.021009,43157,157246,136.63,515.62
6,34.928304,27835,183688,185.51,129.13,24.889955,40264,204172,172.12,721.29,24.791578,39214,221705,164.26,771.76,23.159666,43259,200505,152.48,712.41
7,36.158662,27476,211164,203.64,139.82,26.474176,37895,242067,186.78,827.07,20.626826,47684,269389,171.90,831.53,23.385856,42558,243063,163.33,835.29
8,37.520690,26367,237531,217.15,150.32,25.606882,39039,281106,203.03,878.91,23.352983,44011,313400,183.51,903.51,26.152203,38307,281370,173.31,868.95
9,38.166799,25752,263283,229.71,160.48,27.523716,35970,317076,212.14,987.06,23.084346,43764,357164,193.43,1089.47,24.815548,40258,321628,181.53,1002.93
10,37.201953,26089,289372,241.03,167.97,25.919778,38426,355502,222.60,1123.50,46.809846,21304,378468,204.99,1215.25,24.566340,40634,362262,189.50,1144.95
11,36.206294,27792,317164,251.63,178.52,44.875920,22432,377934,229.27,1275.38,37.599015,22045,400513,212.54,1278.98,53.247846,18806,381068,193.81,1270.98
12,41.664580,23661,340825,260.69,187.91,58.461929,17130,395064,235.05,1351.76,23.467371,49874,450387,226.65,1360.50,26.210493,17941,399009,199.87,1354.16
13,42.835000,22785,363610,268.15,196.63,22.573968,44323,439387,242.09,1349.37,21.039268,47473,497860,232.13,1360.31,33.494319,45477,444486,208.59,1357.98
14,46.434712,21037,384647,271.30,205.58,25.451963,39153,478540,249.17,1371.48,21.794139,45781,543641,237.29,1401.44,24.956511,40110,484596,213.00,1382.53
15,38.224311,26684,411331,276.99,214.84,23.601720,42350,520890,255.36,1462.26,167.765595,5960,549601,243.38,1680.79,23.208172,43072,527668,217.23,1438.57
16,37.531412,26251,437582,283.69,221.96,21.757789,13532,534422,260.60,1692.26,20.164088,49515,599116,243.63,1706.14,28.525771,22415,550083,221.56,1671.19
17,38.568902,25466,463048,289.91,235.34,47.654492,35286,569708,260.78,1703.67,22.028947,45440,644556,247.83,1706.14,73.447101,18526,568609,222.45,1704.66
18,39.112987,25625,488673,295.07,242.27,26.059185,39075,608783,264.31,1703.70,17.243758,28523,673079,251.21,1708.60,22.142225,44989,613598,226.16,1705.08
19,39.910841,23919,512592,299.84,249.80,23.829628,37015,645798,268.36,1703.97,58.809233,25610,698689,258.74,1784.71,23.056024,43269,656867,229.34,1705.08
20,37.843301,27098,539690,304.48,260.79,85.904866,8993,654791,276.26,1782.81,23.148083,43159,741848,264.10,1791.75,22.058092,15882,672749,233.80,1774.01
21,39.459217,23949,563639,308.97,269.52,29.740396,45226,700017,280.53,1787.49,20.800014,44579,786427,266.18,1797.20,54.444951,30249,702998,242.91,1788.56
22,41.021922,23932,587571,311.92,279.04,25.326358,39338,739355,283.48,1792.02,27.497639,38750,825177,268.68,1797.20,25.534726,39141,742139,246.32,1788.97
23,38.690412,25664,613235,315.73,289.38,25.456929,39138,778493,286.03,1791.77,21.364576,46724,871901,271.83,1863.71,22.999926,43067,785206,249.07,1793.35
24,38.591731,26432,639667,318.83,296.82,33.658781,29869,808362,288.44,1823.71,25.375496,39302,911203,276.28,1865.16,30.281352,33072,818278,252.68,1831.51
25,39.256181,25152,664819,323.14,306.84,24.613395,40478,848840,289.69,1853.36,20.831785,48092,959295,279.37,1866.52,22.299876,44436,862714,255.22,1861.18
26,37.951584,25300,690119,326.04,315.25,25.210351,39675,888515,292.64,1853.36,22.086491,22719,982014,283.66,1903.21,25.094383,38531,901245,257.21,1861.18
27,39.386473,25269,715388,328.84,327.62,22.736346,43783,932298,296.03,1875.66,0.000000,0,982014,284.61,1942.91,24.096888,42529,943774,259.10,1862.52
28,39.171515,25381,740769,331.79,337.22,24.620886,33712,966010,297.35,1875.66,67.209433,37087,1019101,283.04,1943.81,23.494610,42638,986412,261.14,1908.17
29,36.086165,26805,767574,335.13,344.68,0.000000,0,966010,298.42,1915.71,16.927338,27553,1046654,283.17,1944.27,21.705188,879,987291,263.18,1947.62
30,38.241890,26189,793763,337.48,351.14,115.843004,18458,984468,297.14,1915.98,1784.228222,309,1046963,288.65,2038.29,120.602532,16417,1003708,263.32,1949.69
31,37.851156,26599,820362,340.16,361.33,15.541129,5713,990181,299.89,2008.98,49.485601,40041,1087004,293.51,2045.03,23.269234,41294,1045002,265.31,1950.19
32,37.446743,26405,846767,343.03,371.10,138.684202,13951,1004132,305.84,2035.32,21.225081,47038,1134042,293.92,2045.63,14.320146,4551,1049553,270.19,2042.98
33,36.191627,27285,874052,345.88,383.15,25.491720,38450,1042582,306.10,2036.35,25.157256,39655,1173697,295.25,2045.63,97.326280,20295,1069848,274.69,2052.31
34,36.497752,26313,900365,348.13,393.71,25.121439,40554,1083136,306.89,2036.35,21.585380,46284,1219981,296.92,2044.15,23.383738,42479,1112327,275.48,2053.02
35,40.061136,25561,925926,350.61,405.19,24.593463,39730,1122866,307.98,2030.30,23.315359,42846,1262827,298.52,2044.15,21.843179,45707,1158034,276.47,2053.02
36,36.246259,26328,952254,352.99,415.34,27.665130,36767,1159633,308.89,2026.32,21.625344,43530,1306357,300.62,2066.16,26.083294,38441,1196475,277.77,2053.79
37,40.828685,24405,976659,354.70,426.11,24.531351,40854,1200487,310.14,2026.32,23.275652,45411,1351768,303.24,2072.46,21.647240,45255,1241730,278.66,2053.79
38,40.804610,23472,1000131,355.93,433.53,30.641635,32530,1233017,310.53,2049.90,24.047859,41372,1393140,304.71,2072.46,24.336436,41777,1283507,279.41,2079.54
39,40.938574,25990,1026121,357.33,441.64,33.722794,29273,1262290,311.41,2050.08,22.051661,45050,1438190,306.88,2121.70,23.844196,41928,1325435,281.05,2086.95
40,36.875821,26194,1052315,358.73,451.21,26.877583,37020,1299310,310.95,2050.08,25.506814,39455,1477645,308.29,2133.43,21.761660,45686,1371121,281.74,2086.95
41,42.190512,23411,1075726,360.78,461.05,27.946729,35696,1335006,311.77,2065.47,23.312153,42818,1520463,309.47,2162.33,24.765255,38994,1410115,282.40,2086.95
42,41.147182,23809,1099535,361.96,466.86,77.425985,8570,1343576,311.17,2091.44,23.242659,42882,1563345,310.46,2163.95,23.435855,44161,1454276,284.33,2147.11
43,41.841672,23999,1123534,363.08,477.23,568.616264,2001,1345577,306.04,2091.44,26.670568,31150,1594495,311.61,2163.91,24.410062,41012,1495288,285.38,2168.36
44,42.165504,23834,1147368,364.06,483.98,563.942412,2005,1347582,301.18,2091.44,18.867252,15109,1609604,313.46,2220.96,24.047257,41402,1536690,287.07,2175.92
45,41.984028,23757,1171125,365.07,496.23,535.741478,1025,1348607,296.05,2091.52,231.484285,5757,1615361,318.26,2311.87,24.465632,36169,1572859,288.09,2175.86
46,43.225143,22993,1194118,365.80,504.88,1179.614863,1000,1349607,290.29,2091.52,35.499107,33381,1648742,320.58,2348.28,29.652992,37659,1610518,288.21,2175.86
47,35.408966,28026,1222144,367.14,514.30,0.000000,0,1349607,285.95,2094.73,0.000000,0,1648742,320.44,2378.92,21.692877,17083,1627601,290.67,2291.30
48,38.483668,25784,1247928,368.73,527.23,1665.611431,7,1349614,281.16,2094.72,2335.371848,105,1648847,320.04,2401.81,0.000000,0,1627601,295.26,2328.56
49,42.256483,23404,1271332,369.84,530.49,0.000000,0,1349614,276.36,2094.78,72.775363,41660,1690507,317.58,2403.57,134.104845,19577,1647178,295.90,2367.13
50,43.358013,22023,1293355,371.09,545.55,0.000000,0,1349614,272.00,2096.20,24.684811,40362,1730869,319.46,2406.09,23.001598,39885,1687063,296.04,2367.78
51,39.672758,25990,1319345,372.06,550.01,0.000000,0,1349614,268.07,2098.29,22.594993,41744,1772613,320.38,2406.96,0.000000,0,1687063,295.69,2402.92
52,47.118074,21066,1340411,372.44,558.50,0.000000,0,1349614,264.05,2099.00,22.065380,47716,1820329,320.86,2399.59,0.000000,0,1687063,295.31,2414.01
53,39.388566,25036,1365447,373.21,564.94,0.000000,0,1349614,259.95,2099.00,46.757289,21405,1841734,322.08,2395.43,120.608997,25538,1712601,292.86,2414.67
54,39.646433,24994,1390441,374.20,576.79,0.000000,0,1349614,255.69,2099.04,31.830569,31178,1872912,320.23,2395.79,27.256621,36685,1749286,293.79,2414.67
55,39.962578,24755,1415196,375.03,583.92,0.000000,0,1349614,252.06,2099.00,27.973537,35012,1907924,319.46,2394.52,22.691922,43837,1793123,294.27,2414.67
56,42.870663,20972,1436168,376.22,593.03,0.000000,0,1349614,248.86,2098.96,21.231435,48039,1955963,320.52,2392.33,28.242398,35346,1828469,294.85,2414.67
57,38.919019,26733,1462901,376.88,601.31,0.000000,0,1349614,245.15,2098.72,27.957629,35914,1991877,321.50,2392.51,25.438854,39282,1867751,295.89,2409.02
58,49.213029,20361,1483262,377.21,609.35,0.000000,0,1349614,242.38,2098.46,21.665767,7570,,,,23.118890,43148,1910899,296.78,2409.02
59,38.309072,23641,1506903,378.13,619.66,0.000000,0,1349614,239.71,2098.19,,,,,,27.591909,36290,1947189,297.96,2409.09
60,44.489468,23148,1530051,378.33,623.18,0.000000,0,1349614,236.39,2098.31,,,,,,24.276102,41027,1988216,298.89,2409.09
61,45.523063,21878,1551929,379.01,635.97,137.507875,16088,1365702,235.64,2104.01,,,,,,22.008268,11268,,,
62,39.541057,26174,1578103,379.24,642.27,30.936218,35684,1401386,236.36,2110.35,,,,,,,,,,
63,45.827816,19924,1598027,379.76,653.71,35.376438,29973,1431359,238.19,2158.13,,,,,,,,,,
64,40.581769,26956,1624983,380.39,661.54,23.561759,42409,1473768,240.90,2175.64,,,,,,,,,,
65,45.988905,21454,1646437,380.85,665.94,27.193293,36292,1510060,243.51,2175.50,,,,,,,,,,
66,36.553735,27132,1673569,382.01,678.38,24.472805,38275,1548335,246.39,2175.93,,,,,,,,,,
67,44.458062,22215,1695784,382.41,684.83,31.919190,33692,1582027,248.63,2175.31,,,,,,,,,,
68,43.933673,21126,1716910,382.51,693.79,30.630029,31929,1613956,250.51,2195.60,,,,,,,,,,
69,40.373035,26177,1743087,383.27,703.70,25.830068,38364,1652320,252.31,2234.96,,,,,,,,,,
70,46.785635,21314,1764401,383.84,710.46,47.608166,20999,1673319,252.52,2230.70,,,,,,,,,,
71,38.566692,24143,1788544,383.90,718.63,155.151868,1660,1674979,252.18,2284.14,,,,,,,,,,
72,45.135173,23402,1811946,384.24,731.25,0.000000,0,1674979,252.60,2287.59,,,,,,,,,,
73,48.127861,20722,1832668,385.26,739.09,136.542014,20288,1695267,252.76,2300.74,,,,,,,,,,
74,37.288323,26399,1859067,385.33,744.87,19.963671,26205,1721472,253.10,2301.36,,,,,,,,,,
75,36.065419,24192,1883259,386.10,753.05,1162.087790,312,1721784,251.72,2317.22,,,,,,,,,,
76,42.805478,25417,1908676,387.02,762.34,0.000000,0,1721784,249.84,2333.08,,,,,,,,,,
77,39.514129,25653,1934329,387.55,775.52,0.000000,0,1721784,247.72,2333.08,,,,,,,,,,
78,42.621978,22373,1956702,388.03,784.33,0.000000,0,1721784,246.32,2334.97,,,,,,,,,,
79,42.461682,24742,1981444,388.42,789.87,0.000000,0,1721784,244.41,2334.97,,,,,,,,,,
80,42.234593,18556,,,,0.000000,0,1721784,241.82,2332.57,,,,,,,,,,
81,,,,,,0.000000,0,1721784,239.36,2332.57,,,,,,,,,,
82,,,,,,0.000000,0,1721784,236.96,2332.57,,,,,,,,,,
83,,,,,,0.000000,0,1721784,234.04,2332.57,,,,,,,,,,
84,,,,,,0.000000,0,1721784,231.50,2332.57,,,,,,,,,,
85,,,,,,0.000000,0,1721784,229.12,2338.10,,,,,,,,,,
86,,,,,,0.000000,0,1721784,227.17,2340.87,,,,,,,,,,
87,,,,,,0.000000,0,1721784,225.40,2345.35,,,,,,,,,,
88,,,,,,102.136187,15276,1737060,224.31,2256.46,,,,,,,,,,
89,,,,,,29.664884,26725,1763785,225.11,2262.35,,,,,,,,,,
90,,,,,,23.744863,28076,1791861,225.84,2266.25,,,,,,,,,,
91,,,,,,19.235714,34522,1826383,226.47,2263.86,,,,,,,,,,
92,,,,,,21.017780,31270,1857653,227.12,2268.99,,,,,,,,,,
93,,,,,,53.378275,378,1858031,226.03,2265.91,,,,,,,,,,
94,,,,,,1962.330406,289,1858320,224.54,2265.91,,,,,,,,,,
95,,,,,,0.000000,0,1858320,223.72,2262.64,,,,,,,,,,
96,,,,,,0.000000,0,1858320,222.46,2262.64,,,,,,,,,,
97,,,,,,0.000000,0,1858320,221.83,2262.64,,,,,,,,,,
98,,,,,,0.000000,0,1858320,222.88,2264.39,,,,,,,,,,
99,,,,,,0.000000,0,1858320,222.30,2265.43,,,,,,,,,,
100,,,,,,0.000000,0,1858320,220.94,2283.72,,,,,,,,,,
101,,,,,,0.000000,0,1858320,219.65,2302.00,,,,,,,,,,
102,,,,,,0.000000,0,1858320,217.85,2302.00,,,,,,,,,,
103,,,,,,0.000000,0,1858320,216.95,2361.39,,,,,,,,,,
104,,,,,,0.000000,0,1858320,215.39,2366.44,,,,,,,,,,
105,,,,,,0.000000,0,1858320,215.16,2434.66,,,,,,,,,,
106,,,,,,0.000000,0,1858320,215.49,2500.74,,,,,,,,,,
107,,,,,,0.000000,0,1858320,214.30,2500.74,,,,,,,,,,
108,,,,,,0.000000,0,1858320,212.63,2500.74,,,,,,,,,,
109,,,,,,0.000000,0,1858320,210.93,2500.75,,,,,,,,,,
110,,,,,,0.000000,0,1858320,209.40,2500.70,,,,,,,,,,
111,,,,,,0.000000,0,1858320,207.87,2500.66,,,,,,,,,,
112,,,,,,0.000000,0,1858320,206.33,2500.66,,,,,,,,,,
113,,,,,,0.000000,0,1858320,205.21,2500.66,,,,,,,,,,
114,,,,,,0.000000,0,1858320,203.99,2500.66,,,,,,,,,,
115,,,,,,0.000000,0,1858320,202.39,2499.59,,,,,,,,,,
116,,,,,,0.000000,0,1858320,201.14,2499.59,,,,,,,,,,
117,,,,,,0.000000,0,1858320,199.98,2499.59,,,,,,,,,,
118,,,,,,0.000000,0,1858320,198.23,2499.60,,,,,,,,,,
119,,,,,,0.000000,0,1858320,196.71,2499.60,,,,,,,,,,
120,,,,,,0.000000,0,1858320,195.26,2501.59,,,,,,,,,,
121,,,,,,0.000000,0,1858320,194.14,2502.58,,,,,,,,,,
122,,,,,,0.000000,0,1858320,193.57,2504.46,,,,,,,,,,
123,,,,,,0.000000,0,1858320,193.24,2506.88,,,,,,,,,,
124,,,,,,0.000000,0,1858320,193.05,2505.86,,,,,,,,,,
125,,,,,,0.000000,0,1858320,192.07,2504.33,,,,,,,,,,
126,,,,,,0.000000,0,1858320,191.10,2504.03,,,,,,,,,,
127,,,,,,0.000000,0,1858320,189.87,2503.20,,,,,,,,,,
128,,,,,,0.000000,0,1858320,188.65,2502.38,,,,,,,,,,
129,,,,,,0.000000,0,1858320,187.60,2504.05,,,,,,,,,,
130,,,,,,0.000000,0,1858320,186.33,2505.73,,,,,,,,,,
131,,,,,,0.000000,0,1858320,185.30,2505.73,,,,,,,,,,
132,,,,,,0.000000,0,1858320,184.76,2505.58,,,,,,,,,,
133,,,,,,0.000000,0,1858320,183.57,2505.44,,,,,,,,,,
134,,,,,,0.000000,0,1858320,182.32,2505.77,,,,,,,,,,
135,,,,,,0.000000,0,1858320,181.04,2506.10,,,,,,,,,,
136,,,,,,0.000000,0,1858320,179.82,2506.10,,,,,,,,,,
137,,,,,,0.000000,0,1858320,178.60,2505.76,,,,,,,,,,
138,,,,,,0.000000,0,1858320,177.36,2505.05,,,,,,,,,,
139,,,,,,0.000000,0,1858320,176.17,2504.67,,,,,,,,,,
140,,,,,,0.000000,0,1858320,175.17,2506.09,,,,,,,,,,
141,,,,,,1900.558856,216,1858536,174.54,2508.95,,,,,,,,,,
142,,,,,,0.000000,0,1858536,174.08,2523.08,,,,,,,,,,
143,,,,,,0.000000,0,1858536,173.10,2519.11,,,,,,,,,,
144,,,,,,3599.249398,295,1858831,172.25,2515.14,,,,,,,,,,
145,,,,,,0.000000,0,1858831,171.65,2515.14,,,,,,,,,,
146,,,,,,5100.040215,1,1858832,170.74,2515.14,,,,,,,,,,
147,,,,,,0.000000,0,1858832,170.03,2515.14,,,,,,,,,,
148,,,,,,0.000000,0,1858832,169.32,2515.14,,,,,,,,,,
149,,,,,,0.000000,0,1858832,168.75,2515.04,,,,,,,,,,
150,,,,,,142.072801,12834,1871666,168.17,2514.20,,,,,,,,,,
151,,,,,,18.301003,1105,1872771,168.04,2537.12,,,,,,,,,,
152,,,,,,0.000000,0,1872771,168.76,2551.48,,,,,,,,,,
153,,,,,,594.312029,1643,1874414,169.48,2563.85,,,,,,,,,,
154,,,,,,44.932021,22112,1896526,169.34,2564.50,,,,,,,,,,
155,,,,,,67.480270,3424,1899950,169.82,2559.80,,,,,,,,,,
156,,,,,,0.000000,0,1899950,170.20,2560.27,,,,,,,,,,
157,,,,,,2191.693653,316,1900266,170.60,2560.73,,,,,,,,,,
158,,,,,,0.000000,0,1900266,169.83,2559.20,,,,,,,,,,
159,,,,,,67.876043,15579,1915845,169.09,2559.42,,,,,,,,,,
160,,,,,,26.888514,30267,1946112,169.94,2593.16,,,,,,,,,,
161,,,,,,21.295164,21404,,,,,,,,,,,,,
