unix_ts,avg_latency_ms,throughput,cumulative_throughput,cpu_1,memory_mb_1,cpu_2,memory_mb_2,cpu_3,memory_mb_3,avg_cpu,avg_memory_mb
1460757618,13.606413,13596,13596,48.62,153.03,76.31,161.44,9.30,54.96,44.74,123.14
1460757619,31.473004,22933,36529,73.38,195.91,129.49,256.81,52.99,149.33,85.29,200.68
1460757620,73.608046,17158,53687,82.35,255.04,148.90,357.76,81.42,196.54,104.22,269.78
1460757621,23.155076,42972,96659,89.72,325.15,182.86,438.06,88.48,260.79,120.35,341.33
1460757622,24.260715,41093,137752,97.10,395.26,211.80,690.84,103.89,400.75,137.60,495.62
1460757623,22.303401,44739,182491,109.43,438.53,234.84,746.78,115.05,441.34,153.11,542.22
1460757624,24.791578,39214,221705,122.90,705.46,244.13,901.41,125.75,708.41,164.26,771.76
1460757625,20.626826,47684,269389,131.14,705.50,253.42,1056.03,131.13,733.06,171.90,831.53
1460757626,23.352983,44011,313400,141.28,783.72,270.07,1140.23,139.17,786.57,183.51,903.51
1460757627,23.084346,43764,357164,148.92,1027.52,285.00,1139.93,146.38,1100.95,193.43,1089.47
1460757628,46.809846,21304,378468,162.09,1106.84,299.06,1437.66,153.83,1101.25,204.99,1215.25
1460757629,37.599015,22045,400513,165.34,1110.78,316.14,1621.65,156.13,1104.50,212.54,1278.98
1460757630,23.467371,49874,450387,185.46,1241.96,316.87,1621.58,177.62,1217.97,226.65,1360.50
1460757631,21.039268,47473,497860,188.80,1241.37,326.63,1621.58,180.95,1217.97,232.13,1360.31
1460757632,21.794139,45781,543641,192.08,1255.70,336.64,1689.68,183.15,1258.93,237.29,1401.44
1460757633,167.765595,5960,549601,198.05,1670.74,343.40,1712.21,188.70,1659.42,243.38,1680.79
1460757634,20.164088,49515,599116,191.37,1670.74,357.87,1788.27,181.65,1659.42,243.63,1706.14
1460757635,22.028947,45440,644556,194.78,1670.74,364.61,1788.27,184.09,1659.42,247.83,1706.14
1460757636,17.243758,28523,673079,196.93,1670.74,370.95,1795.63,185.75,1659.42,251.21,1708.60
1460757637,58.809233,25610,698689,208.85,1763.42,366.25,1795.63,201.12,1795.09,258.74,1784.71
1460757638,23.148083,43159,741848,220.46,1783.79,363.47,1795.63,208.36,1795.84,264.10,1791.75
1460757639,20.800014,44579,786427,221.05,1783.79,369.05,1811.98,208.45,1795.84,266.18,1797.20
1460757640,27.497639,38750,825177,224.49,1783.79,372.68,1811.98,208.86,1795.84,268.68,1797.20
1460757641,21.364576,46724,871901,228.97,1838.64,376.41,1900.70,210.10,1851.78,271.83,1863.71
1460757642,25.375496,39302,911203,232.76,1838.64,382.73,1900.70,213.36,1856.14,276.28,1865.16
1460757643,20.831785,48092,959295,234.94,1838.64,387.96,1908.90,215.21,1852.02,279.37,1866.52
1460757644,22.086491,22719,982014,238.45,1900.68,393.31,1908.90,219.22,1900.04,283.66,1903.21
1460757645,0.000000,0,982014,234.57,1900.68,401.79,2028.02,217.46,1900.04,284.61,1942.91
1460757646,67.209433,37087,1019101,228.19,1900.68,409.78,2030.71,211.14,1900.04,283.04,1943.81
1460757647,16.927338,27553,1046654,227.42,1900.68,412.19,2032.10,209.91,1900.04,283.17,1944.27
1460757648,1784.228222,309,1046963,234.40,2020.65,407.21,2032.10,224.34,2062.12,288.65,2038.29
1460757649,49.485601,40041,1087004,249.31,2039.42,397.49,2032.10,233.72,2063.56,293.51,2045.03
1460757650,21.225081,47038,1134042,248.72,2040.81,400.38,2032.52,232.65,2063.56,293.92,2045.63
1460757651,25.157256,39655,1173697,251.03,2040.81,402.84,2032.52,231.89,2063.56,295.25,2045.63
1460757652,21.585380,46284,1219981,253.15,2041.35,406.00,2038.93,231.60,2052.16,296.92,2044.15
1460757653,23.315359,42846,1262827,255.15,2041.35,409.55,2038.93,230.87,2052.16,298.52,2044.15
1460757654,21.625344,43530,1306357,257.05,2041.35,413.80,2114.35,231.01,2042.78,300.62,2066.16
1460757655,23.275652,45411,1351768,259.07,2056.65,417.74,2114.35,232.90,2046.38,303.24,2072.46
1460757656,24.047859,41372,1393140,259.00,2056.65,420.81,2114.35,234.31,2046.38,304.71,2072.46
1460757657,22.051661,45050,1438190,259.40,2112.74,424.37,2124.50,236.87,2127.86,306.88,2121.70
1460757658,25.506814,39455,1477645,260.22,2147.94,426.54,2124.50,238.12,2127.86,308.29,2133.43
1460757659,23.312153,42818,1520463,259.65,2147.94,428.83,2209.09,239.92,2129.96,309.47,2162.33
1460757660,23.242659,42882,1563345,260.57,2152.80,430.66,2209.09,240.15,2129.96,310.46,2163.95
1460757661,26.670568,31150,1594495,261.82,2152.80,433.74,2208.96,239.28,2129.96,311.61,2163.91
1460757662,18.867252,15109,1609604,262.48,2152.80,434.54,2237.64,243.36,2272.45,313.46,2220.96
1460757663,231.484285,5757,1615361,271.04,2296.32,429.58,2237.64,254.15,2401.64,318.26,2311.87
1460757664,35.499107,33381,1648742,281.01,2403.72,425.78,2237.64,254.96,2403.48,320.58,2348.28
1460757665,0.000000,0,1648742,278.46,2405.96,429.62,2327.32,253.23,2403.48,320.44,2378.92
1460757666,2335.371848,105,1648847,275.06,2405.96,436.45,2396.00,248.62,2403.48,320.04,2401.81
1460757667,72.775363,41660,1690507,273.05,2407.20,435.14,2400.04,244.56,2403.48,317.58,2403.57
1460757668,24.684811,40362,1730869,276.20,2411.36,437.68,2403.44,244.49,2403.48,319.46,2406.09
1460757669,22.594993,41744,1772613,276.53,2411.57,439.35,2405.84,245.27,2403.48,320.38,2406.96
1460757670,22.065380,47716,1820329,276.03,2410.90,440.47,2384.40,246.08,2403.48,320.86,2399.59
1460757671,46.757289,21405,1841734,276.79,2411.43,441.52,2379.49,247.94,2395.38,322.08,2395.43
1460757672,31.830569,31178,1872912,274.39,2411.43,439.47,2380.49,246.82,2395.46,320.23,2395.79
1460757673,27.973537,35012,1907924,273.09,2411.43,438.37,2380.49,246.91,2391.64,319.46,2394.52
1460757674,21.231435,48039,1955963,274.49,2404.00,439.71,2381.35,247.35,2391.64,320.52,2392.33
1460757675,27.957629,35914,1991877,275.30,2404.00,441.28,2381.88,247.91,2391.64,321.50,2392.51
1460757676,21.665767,7570,,,,,,,,,
