second,avg_latency_ms_etcd_v3,throughput_etcd_v3,cumulative_throughput_etcd_v3,avg_cpu_etcd_v3,avg_memory_mb_etcd_v3,avg_latency_ms_zookeeper_3.4.8,throughput_zookeeper_3.4.8,cumulative_throughput_zookeeper_3.4.8,avg_cpu_zookeeper_3.4.8,avg_memory_mb_zookeeper_3.4.8
0,47.634867,1537,1537,1.97,35.31,248.768380,66,66,1.22,73.18
1,54.915332,18401,19938,3.24,105.82,40.160378,7435,7501,4.54,153.26
2,57.473158,17283,37221,6.09,126.43,164.553716,9811,17312,6.68,163.66
3,60.256169,16132,53353,8.85,134.54,32.167701,31077,48389,10.45,226.47
4,74.964233,13777,67130,11.38,139.81,34.232481,29361,77750,14.05,331.98
5,66.582487,14587,81717,14.29,146.26,32.916447,30302,108052,17.47,481.45
6,64.945240,15659,97376,17.00,156.08,29.340595,33844,141896,20.50,533.77
7,64.738720,15251,112627,19.71,163.72,32.001189,31486,173382,24.28,716.29
8,63.905628,15913,128540,22.45,170.63,31.772490,31311,204693,27.12,756.74
9,76.225413,12684,141224,25.05,174.82,33.201695,30022,234715,30.28,830.04
10,68.404821,14881,156105,27.35,182.53,52.051570,19316,254031,34.17,973.52
11,65.790972,14709,170814,29.81,187.79,52.887174,18386,272417,36.86,1110.83
12,69.400866,14924,185738,32.33,196.11,34.902845,29356,301773,39.53,1134.94
13,65.653376,15310,201048,34.79,201.09,32.427435,30566,332339,42.55,1157.60
14,71.328363,12867,213915,37.10,206.91,32.663260,30720,363059,45.56,1189.50
15,78.983837,13606,227521,39.06,213.66,30.671173,21212,384271,48.91,1448.52
16,67.121176,14650,242171,41.43,222.25,64.231037,21028,405299,52.72,1484.40
17,71.753670,14070,256241,43.75,227.93,143.594325,6973,412272,55.03,1574.71
18,70.937646,14087,270328,46.08,234.45,30.083190,33297,445569,57.71,1573.10
19,71.952157,13913,284241,48.00,240.26,33.015401,29870,475439,60.38,1611.88
20,81.112403,11948,296189,50.20,247.49,33.749355,29942,505381,63.14,1672.94
21,71.736353,13839,310028,51.95,256.52,31.540127,31642,537023,65.73,1671.75
22,72.017120,14229,324257,53.90,260.31,30.842497,32032,569055,68.28,1687.09
23,66.202469,15040,339297,56.02,265.49,30.431243,23506,592561,71.65,1851.19
24,76.481581,13311,352608,57.98,271.75,46.026061,28061,620622,74.05,1851.45
25,66.401226,14489,367097,59.88,279.27,30.706974,12943,633565,76.20,1882.11
26,81.167017,12597,379694,61.96,288.32,63.584262,25251,658816,77.96,1890.49
27,67.880022,14589,394283,63.63,292.77,31.230982,25245,684061,80.81,1940.99
28,70.602950,13879,408162,65.54,299.67,47.481685,25537,709598,83.43,1944.60
29,67.978865,14879,423041,67.36,305.94,32.548606,30517,740115,85.63,1944.60
30,69.158559,14110,437151,69.26,312.68,34.115893,28827,768942,87.59,1944.60
31,69.508946,14191,451342,71.19,317.01,41.671034,24491,793433,89.52,1975.99
32,79.976160,13141,464483,72.90,326.87,31.055983,31902,825335,91.54,1975.99
33,72.285041,13194,477677,74.35,330.03,34.064214,29468,854803,93.95,2001.75
34,70.153340,14841,492518,76.14,337.39,30.441432,28349,883152,96.85,2071.58
35,70.511565,14258,506776,77.92,345.00,26.790048,24699,907851,99.65,2097.61
36,66.893059,14374,521150,79.75,352.05,72.670154,20233,928084,100.94,2106.57
37,67.045485,13680,534830,81.25,356.23,29.033804,28034,956118,103.48,2140.47
38,86.398810,12924,547754,82.75,364.15,29.983839,9795,965913,106.40,2215.07
39,70.242475,13989,561743,84.26,371.38,803.397742,2362,968275,107.48,2223.70
40,70.298022,14221,575964,85.93,381.79,57.500360,17390,985665,108.37,2223.70
41,74.660814,13259,589223,87.31,383.41,39.521865,24980,1010645,110.03,2223.70
42,73.249073,12937,602160,88.99,391.80,35.198951,27094,1037739,111.79,2219.81
43,70.254507,12946,615106,90.28,396.05,35.544793,29506,1067245,113.18,2219.81
44,78.464533,13690,628796,91.51,404.54,41.001163,24204,1091449,114.45,2219.81
45,77.061338,14027,642823,93.07,411.69,37.873419,26346,1117795,115.82,2218.74
46,68.702822,13814,656637,94.41,414.42,140.035437,5565,1123360,116.03,2218.79
47,74.660246,13428,670065,95.95,425.51,341.127551,3013,1126373,115.80,2218.79
48,81.256642,12751,682816,97.26,430.58,51.989608,22956,1149329,116.83,2216.51
49,76.453109,12511,695327,98.44,435.05,62.236952,16076,1165405,117.44,2216.51
50,85.132007,12251,707578,99.39,443.07,35.792221,27906,1193311,118.68,2216.67
51,70.289961,14200,721778,100.81,447.65,43.998077,22570,1215881,120.20,2235.31
52,71.499073,12612,734390,102.14,452.34,34.745187,27308,1243189,121.68,2235.31
53,72.709825,14905,749295,103.39,459.28,46.763563,22603,1265792,123.39,2262.46
54,70.226471,14424,763719,104.66,464.30,34.935346,28570,1294362,124.92,2292.06
55,71.612509,11842,775561,105.99,470.49,40.537863,24504,1318866,126.61,2323.14
56,94.017454,12213,787774,106.98,476.75,39.099971,25630,1344496,128.12,2323.12
57,70.546790,13845,801619,108.14,483.42,33.102856,29749,1374245,129.86,2355.69
58,75.271319,12754,814373,109.34,489.80,38.512093,26316,1400561,131.50,2361.19
59,76.080222,13374,827747,110.41,498.97,37.373898,26812,1427373,132.98,2361.44
60,75.658154,13174,840921,111.54,502.95,35.903093,27745,1455118,134.29,2361.65
61,82.159732,12620,853541,112.63,508.51,40.649544,24692,1479810,136.01,2373.73
62,81.796585,12157,865698,113.49,512.28,36.381486,27078,1506888,137.54,2387.64
63,75.355937,13155,878853,114.69,519.67,38.895787,10615,1517503,138.85,2417.42
64,71.555243,14056,892909,115.81,529.25,146.434740,17754,1535257,140.13,2451.10
65,72.888304,13711,906620,116.87,532.62,65.312958,15346,1550603,141.02,2451.64
66,73.296756,13589,920209,117.92,539.93,38.909754,22256,1572859,141.97,2458.12
67,75.400826,13236,933445,118.93,546.24,79.360814,11457,1584316,143.12,2471.04
68,97.325974,10275,943720,119.77,552.46,39.491206,13298,1597614,144.71,2517.20
69,79.743290,12469,956189,120.72,558.60,100.145886,6766,1604380,146.88,2576.21
70,80.327868,12300,968489,121.72,565.65,89.250895,6886,1611266,148.83,2577.17
71,77.290668,13081,981570,122.69,571.73,79.170858,15197,1626463,149.87,2598.60
72,72.242213,12523,994093,123.64,583.13,129.984646,7361,1633824,149.66,2602.99
73,73.363082,13797,1007890,124.65,588.07,79.314613,15653,1649477,150.41,2636.62
74,83.231358,13005,1020895,125.74,596.85,41.877056,23734,1673211,150.57,2658.52
75,78.012977,12687,1033582,126.52,603.91,41.174171,23616,1696827,151.48,2665.61
76,80.981333,12256,1045838,127.42,610.03,40.970804,25214,1722041,152.67,2667.83
77,83.547618,12188,1058026,128.15,616.61,37.788539,24568,1746609,154.16,2673.46
78,83.283962,11898,1069924,128.96,618.91,35.279299,30254,1776863,155.83,2678.91
79,83.019366,11968,1081892,129.86,624.74,37.150002,26819,1803682,157.38,2666.12
80,69.918735,13270,1095162,130.75,634.23,37.343954,26583,1830265,158.80,2668.95
81,95.861125,11190,1106352,131.56,639.89,43.072671,23442,1853707,160.10,2671.71
82,84.909452,11750,1118102,132.40,647.34,37.883227,26401,1880108,161.17,2670.99
83,78.722056,12653,1130755,133.21,652.26,38.427233,25993,1906101,162.01,2673.16
84,68.605617,12081,1142836,133.84,656.87,42.034040,23788,1929889,163.25,2675.93
85,77.369805,14334,1157170,134.76,665.79,41.415194,24235,1954124,164.60,2692.72
86,72.589716,14503,1171673,135.67,670.76,35.246327,13395,1967519,165.88,2748.37
87,87.247726,11489,1183162,136.55,677.66,2481.628091,67,1967586,167.09,2775.92
88,86.354014,11543,1194705,137.13,684.19,1225.292468,1990,1969576,168.16,2808.49
89,84.427107,11954,1206659,137.89,690.38,44.826449,23648,1993224,169.58,2864.11
90,71.644944,13572,1220231,138.81,699.25,40.064525,22297,2015521,170.88,2864.72
91,78.234584,12636,1232867,139.58,704.51,34.194590,19407,2034928,171.67,2881.89
92,68.777840,13999,1246866,140.52,712.59,55.512730,10198,2045126,171.43,2883.22
93,88.517423,9995,1256861,141.02,716.06,573.600968,3010,2048136,171.48,2909.06
94,82.801932,13873,1270734,141.67,719.56,306.546996,3106,2051242,172.75,2922.06
95,84.089693,12251,1282985,142.61,724.88,62.365972,19223,2070465,173.83,2944.33
96,83.493621,11962,1294947,143.37,730.37,47.547710,21152,2091617,175.82,2984.78
97,67.238033,14181,1309128,143.82,735.07,36.537694,27188,2118805,176.55,2985.22
98,74.326729,13689,1322817,144.64,740.61,38.557336,24729,2143534,176.47,2983.41
99,83.506284,12226,1335043,145.52,746.71,34.033623,30223,2173757,176.48,2990.32
100,90.590838,10893,1345936,146.25,753.98,37.699885,26280,2200037,177.16,2990.22
101,73.508206,13547,1359483,146.89,757.19,44.822600,22815,2222852,178.10,2988.20
102,61.077987,14795,1374278,147.74,765.81,33.296306,30123,2252975,179.08,2986.12
103,74.179835,14808,1389086,148.65,775.61,37.903816,26266,2279241,180.07,2986.13
104,81.807476,12394,1401480,149.34,779.88,38.622842,25250,2304491,181.25,2986.44
105,74.471219,12384,1413864,149.97,783.10,41.601228,24689,2329180,182.13,2986.34
106,85.535315,10575,1424439,150.55,786.14,42.047844,23643,2352823,182.99,2986.76
107,84.652106,13741,1438180,151.18,794.20,40.628435,24003,2376826,184.03,2988.92
108,75.756642,12676,1450856,151.75,799.06,51.983217,19661,2396487,184.93,2994.91
109,89.771603,11504,1462360,152.65,811.55,40.498157,23357,2419844,185.96,3011.93
110,67.593994,13594,1475954,153.17,815.40,43.776294,24035,2443879,186.76,3022.90
111,71.151821,14044,1489998,153.71,820.58,46.595651,21575,2465454,187.77,3034.83
112,107.592310,10051,1500049,154.56,827.88,52.417167,17460,2482914,188.74,3057.94
113,68.934025,11689,1511738,155.00,833.54,44.260071,21844,2504758,189.49,3066.29
114,68.315883,16906,1528644,155.59,836.36,51.774447,17407,2522165,190.43,3100.03
115,79.922955,12779,1541423,156.50,842.52,67.263930,10344,2532509,191.31,3119.80
116,84.514298,11618,1553041,157.14,849.38,136.419940,8031,2540540,192.22,3149.22
117,63.880426,13236,1566277,157.63,855.56,649.298326,1449,2541989,192.41,3179.63
118,91.385204,11686,1577963,158.41,860.63,331.654884,2138,2544127,192.88,3218.99
119,91.795945,11376,1589339,158.61,864.57,294.843183,2672,2546799,192.81,3218.99
120,70.554964,14697,1604036,159.26,871.25,72.414686,18537,2565336,193.50,3265.60
121,86.588577,11780,1615816,159.93,878.87,39.445448,25528,2590864,194.05,3265.60
122,81.180195,12407,1628223,160.43,882.88,37.688737,27271,2618135,194.61,3279.36
123,65.060106,14258,1642481,161.11,890.46,36.238836,27575,2645710,194.36,3279.98
124,84.003516,11956,1654437,161.45,894.20,35.889671,27543,2673253,194.91,3307.26
125,114.431044,9141,1663578,162.07,904.90,32.840009,28743,2701996,195.40,3337.58
126,67.138791,14892,1678470,162.58,910.18,37.403120,22412,2724408,196.02,3358.70
127,80.268489,12517,1690987,163.05,915.91,30.170934,22209,2746617,195.74,3360.94
128,73.364165,10370,1701357,163.84,926.16,34.500835,19297,2765914,196.62,3377.76
129,71.885170,16189,1717546,164.03,928.05,29.946236,22357,2788271,197.48,3394.69
130,92.730358,11563,1729109,164.89,933.87,57.458919,19182,2807453,198.32,3411.01
131,71.462846,12373,1741482,165.26,940.72,53.198456,20839,2828292,199.24,3420.91
132,78.619851,14126,1755608,165.86,946.40,57.498032,18938,2847230,200.15,3443.45
133,82.475230,10437,1766045,166.49,954.41,41.386197,19123,2866353,200.84,3443.31
134,65.459254,16771,1782816,166.92,957.01,43.677239,27427,2893780,202.14,3470.27
135,89.279841,11681,1794497,167.75,963.86,53.038090,19050,2912830,203.21,3492.81
136,78.346646,12592,1807089,168.25,968.80,41.744441,23954,2936784,204.41,3511.93
137,75.970107,13330,1820419,168.75,976.65,60.736638,16257,2953041,205.11,3520.14
138,91.393228,10919,1831338,169.00,980.41,67.474525,10170,2963211,205.60,3547.53
139,65.947342,14525,1845863,169.61,986.40,34.212208,15085,2978296,206.38,3580.20
140,89.097742,11160,1857023,170.14,993.29,114.882438,13811,2992107,206.73,3580.20
141,89.023103,11801,1868824,170.77,1001.28,53.361987,4038,2996145,207.22,3598.05
142,61.019505,14754,1883578,171.24,1007.93,1903.493427,15,,,
143,91.674363,11804,1895382,171.69,1014.85,,,,,
144,70.801361,12748,1908130,172.11,1020.29,,,,,
145,97.365005,11060,1919190,172.53,1028.58,,,,,
146,67.724564,14016,1933206,173.21,1035.61,,,,,
147,83.179375,12709,1945915,173.44,1037.81,,,,,
148,93.260599,10740,1956655,174.32,1049.56,,,,,
149,58.493980,16658,1973313,174.44,1056.22,,,,,
150,125.712210,8106,1981419,175.19,1069.64,,,,,
151,57.923630,16862,1998281,175.31,1070.76,,,,,
152,100.378711,10189,2008470,176.09,1073.12,,,,,
153,56.432479,15633,2024103,176.37,1077.34,,,,,
154,93.971056,12053,2036156,177.08,1084.57,,,,,
155,60.525827,11557,2047713,177.38,1088.38,,,,,
156,97.136350,13195,2060908,177.97,1094.58,,,,,
157,78.030807,11134,2072042,178.20,1098.66,,,,,
158,76.296541,14616,2086658,178.79,1107.20,,,,,
159,90.981273,11287,2097945,179.07,1113.79,,,,,
160,70.688446,14072,2112017,179.64,1117.93,,,,,
161,87.979529,11212,2123229,179.92,1124.91,,,,,
162,62.083375,14749,2137978,180.50,1135.08,,,,,
163,127.289347,8531,2146509,180.69,1137.31,,,,,
164,64.659270,14963,2161472,181.05,1141.66,,,,,
165,97.311648,10646,2172118,181.59,1148.66,,,,,
166,63.130393,15694,2187812,181.93,1151.85,,,,,
167,105.827060,9473,2197285,182.45,1163.03,,,,,
168,59.958595,15795,2213080,182.72,1166.33,,,,,
169,138.593321,7625,2220705,183.26,1172.34,,,,,
170,55.916416,16976,2237681,183.36,1172.67,,,,,
171,99.428659,9167,2246848,184.08,1183.71,,,,,
172,68.101794,16709,2263557,184.25,1187.07,,,,,
173,98.637092,9528,2273085,184.87,1196.19,,,,,
174,64.373214,16412,2289497,185.16,1198.64,,,,,
175,95.395286,10341,2299838,185.72,1206.99,,,,,
176,70.940807,14169,2314007,186.06,1209.93,,,,,
177,83.872671,9507,2323514,186.33,1214.30,,,,,
178,77.753418,15235,2338749,186.93,1220.25,,,,,
179,96.839635,10235,2348984,187.13,1226.95,,,,,
180,68.689360,14206,2363190,187.76,1239.96,,,,,
181,75.786068,9465,2372655,187.98,1243.88,,,,,
182,94.688768,14057,2386712,188.26,1249.98,,,,,
183,63.141137,12659,2399371,188.82,1257.76,,,,,
184,91.282857,11886,2411257,188.91,1261.40,,,,,
185,72.488185,15083,2426340,189.59,1272.99,,,,,
186,102.618372,9740,2436080,189.70,1275.60,,,,,
187,65.376111,14523,2450603,190.19,1279.94,,,,,
188,112.090142,9478,2460081,190.49,1282.52,,,,,
189,68.385042,13005,2473086,190.60,1286.23,,,,,
190,99.728702,8412,2481498,191.31,1293.88,,,,,
191,74.563911,16792,2498290,191.35,1294.39,,,,,
192,70.762841,11327,2509617,192.16,1306.80,,,,,
193,90.388821,13321,2522938,192.27,1309.33,,,,,
194,64.096493,14757,2537695,192.78,1317.34,,,,,
195,147.242593,7055,2544750,193.15,1323.87,,,,,
196,60.010286,16588,2561338,193.26,1324.82,,,,,
197,111.659948,9138,2570476,193.82,1331.59,,,,,
198,65.155233,15203,2585679,194.23,1335.33,,,,,
199,75.803677,9712,2595391,194.77,1344.79,,,,,
200,80.786857,14743,2610134,195.20,1349.79,,,,,
201,78.394283,13513,2623647,195.34,1354.76,,,,,
202,112.570144,7842,2631489,195.65,1361.57,,,,,
203,84.333516,13497,2644986,196.21,1369.54,,,,,
204,96.402204,8766,2653752,196.40,1373.21,,,,,
205,78.209610,14227,2667979,196.91,1379.24,,,,,
206,73.419500,13798,2681777,197.40,1386.20,,,,,
207,105.534725,9632,2691409,197.53,1388.22,,,,,
208,79.518609,12136,2703545,198.15,1394.26,,,,,
209,83.203568,9731,2713276,198.50,1399.53,,,,,
210,85.984549,13628,2726904,198.61,1402.10,,,,,
211,71.722297,12761,2739665,199.42,1413.22,,,,,
212,128.195808,8824,2748489,199.61,1416.56,,,,,
213,55.916746,15878,2764367,199.91,1418.49,,,,,
214,101.887874,8798,2773165,200.70,1430.37,,,,,
215,108.122946,11048,2784213,200.66,1431.94,,,,,
216,55.406670,15804,2800017,201.08,1440.09,,,,,
217,164.497289,6881,2806898,201.72,1445.04,,,,,
218,57.469880,17574,2824472,201.88,1445.61,,,,,
219,72.160542,11014,2835486,202.83,1456.45,,,,,
220,91.321092,13114,2848600,203.06,1459.60,,,,,
221,70.230940,14115,2862715,203.11,1463.20,,,,,
222,121.398392,8225,2870940,203.86,1478.63,,,,,
223,70.852877,14056,2884996,204.16,1482.07,,,,,
224,62.590921,13926,2898922,204.41,1488.43,,,,,
225,139.746693,7565,2906487,205.00,1494.83,,,,,
226,68.778580,15740,2922227,205.24,1496.59,,,,,
227,67.951650,8631,2930858,205.43,1501.89,,,,,
228,115.472663,11462,2942320,206.12,1508.32,,,,,
229,69.802457,15579,2957899,206.37,1511.25,,,,,
230,114.819667,8662,2966561,206.48,1514.01,,,,,
231,76.198676,11626,2978187,207.18,1522.59,,,,,
232,69.588084,15930,,,,,,,,
233,147.438362,5883,,,,,,,,
