second,avg_latency_ms_zookeeper_v3.4.8_snapshot1,throughput_zookeeper_v3.4.8_snapshot1,cumulative_throughput_zookeeper_v3.4.8_snapshot1,avg_cpu_zookeeper_v3.4.8_snapshot1,avg_memory_mb_zookeeper_v3.4.8_snapshot1,avg_latency_ms_zookeeper_v3.4.8_snapshot2,throughput_zookeeper_v3.4.8_snapshot2,cumulative_throughput_zookeeper_v3.4.8_snapshot2,avg_cpu_zookeeper_v3.4.8_snapshot2,avg_memory_mb_zookeeper_v3.4.8_snapshot2,avg_latency_ms_zookeeper_v3.4.8_snapshot3,throughput_zookeeper_v3.4.8_snapshot3,cumulative_throughput_zookeeper_v3.4.8_snapshot3,avg_cpu_zookeeper_v3.4.8_snapshot3,avg_memory_mb_zookeeper_v3.4.8_snapshot3
0,10.314492,16467,16467,8.47,58.64,22.376069,3597,3597,8.52,58.90,12.564066,14661,14661,60.42,151.84
1,24.212908,25509,41976,62.76,160.45,52.276978,12667,16264,59.83,151.99,47.789083,19230,33891,92.95,194.42
2,93.897545,14095,56071,95.85,244.92,38.443296,23372,39636,91.74,192.51,51.270424,23852,57743,108.41,300.27
3,26.507238,37717,93788,106.97,303.23,33.687764,32137,71773,108.10,296.80,24.721543,40217,97960,128.47,411.40
4,29.608547,33882,127670,132.28,409.12,27.333449,36749,108522,125.51,385.75,23.740557,42203,140163,145.13,519.23
5,26.130165,38067,165737,147.73,523.07,23.021667,43578,152100,142.28,524.38,26.519688,37694,177857,158.47,715.73
6,27.481183,36405,202142,165.57,719.73,22.973260,43329,195429,162.88,692.66,26.216226,38111,215968,168.49,820.55
7,26.480729,37785,239927,176.75,790.07,25.164971,39576,235005,178.03,817.55,24.038980,41605,257573,178.57,873.31
8,25.680027,38515,278442,188.94,875.99,23.599873,42467,277472,193.36,846.18,20.679203,48118,305691,188.44,1002.32
9,27.797591,36281,314723,199.62,901.13,22.292697,44627,322099,207.73,996.18,23.595833,42325,348016,196.92,1153.19
10,27.100934,36687,351410,210.43,1110.25,22.563158,40377,362476,221.59,1091.16,51.571831,18949,366965,200.42,1273.48
11,54.759362,18251,369661,217.88,1219.50,54.523174,20007,382483,234.26,1257.34,27.625907,32004,398969,206.09,1356.98
12,26.469043,18063,387724,220.37,1270.49,23.299579,41670,424153,246.35,1298.40,40.854119,27744,426713,214.51,1359.31
13,41.465074,36689,424413,229.47,1347.79,22.858503,44919,469072,256.11,1365.90,23.149660,43315,470028,219.79,1383.02
14,25.821435,38681,463094,236.18,1348.69,21.817660,45606,514678,260.23,1466.12,20.110579,49639,519667,224.10,1490.95
15,26.437152,37884,500978,242.12,1371.12,21.814406,30476,545154,263.76,1607.89,23.496315,33158,552825,228.00,1666.30
16,26.117591,35305,536283,246.41,1495.04,77.173121,17291,562445,263.10,1639.24,80.470228,15166,567991,228.76,1689.60
17,136.908530,7849,544132,251.19,1692.69,18.585999,42945,605390,266.49,1683.06,22.209989,44797,612788,237.09,1701.22
18,25.646327,39123,583255,251.65,1704.88,26.366292,45453,650843,273.93,1693.51,23.073662,43446,656234,241.63,1701.23
19,24.529466,40690,623945,255.77,1704.90,17.892676,44346,695189,276.94,1729.72,17.758749,14951,671185,252.58,1764.49
20,25.681751,20301,644246,260.29,1705.06,30.244260,39921,735110,282.98,1800.91,40.957921,42239,713424,253.32,1785.25
21,66.897901,22088,666334,267.46,1784.96,22.796241,43776,778886,285.86,1801.77,24.517313,40571,753995,256.85,1785.54
22,26.540298,37618,703952,271.37,1785.50,28.415860,35166,814052,288.23,1820.30,23.597878,41245,795240,259.60,1811.13
23,28.036841,35567,739519,273.22,1785.50,22.501940,44314,858366,291.12,1853.42,23.477076,43577,838817,261.34,1811.13
24,23.580350,42531,782050,276.01,1790.37,23.849225,41966,900332,294.02,1885.63,23.178112,42994,881811,264.17,1861.83
25,29.342812,33888,815938,280.75,1821.69,24.253744,41003,941335,295.38,1895.44,22.224409,44367,926178,267.39,1873.71
26,23.804469,42063,858001,282.82,1850.74,19.549886,32807,974142,297.30,1928.29,25.328380,39876,966054,271.04,1888.19
27,28.391198,35152,893153,285.67,1850.74,0.000000,0,974142,304.33,1985.33,23.169374,28505,994559,274.03,1912.49
28,24.067695,41662,934815,287.90,1889.94,73.511051,32088,1006230,304.65,1986.22,0.000000,0,994559,275.73,1952.92
29,25.124252,28686,963501,290.90,1889.94,16.809871,45815,1052045,306.74,2040.35,66.373859,35187,1029746,274.87,1953.60
30,0.000000,0,963501,292.80,1928.27,16.945425,39319,1091364,311.71,2047.71,21.987627,14748,1044494,275.15,1954.06
31,99.316159,22816,986317,293.12,1932.19,35.683567,43609,1134973,312.84,2048.47,1689.939776,446,1044940,281.02,2032.61
32,18.374696,13016,999333,291.61,1935.38,26.193627,38365,1173338,313.48,2044.66,43.361129,44342,1089282,285.25,2044.24
33,213.323239,5598,1004931,297.83,2042.08,24.635681,40380,1213718,313.97,2044.66,21.794043,45823,1135105,286.23,2044.80
34,42.367387,36208,1041139,300.04,2043.14,25.031662,39774,1253492,315.97,2055.04,23.470913,42388,1177493,287.35,2044.82
35,23.074069,44600,1085739,301.90,2043.58,23.526502,42580,1296072,318.02,2055.20,20.744955,47828,1225321,288.97,2045.13
36,27.054445,36880,1122619,304.16,2043.58,25.509721,39117,1335189,320.02,2104.61,28.040388,35890,1261211,290.27,2045.13
37,25.648994,38924,1161543,305.99,2035.43,26.378148,37797,1372986,321.53,2104.61,23.520403,42482,1303693,291.29,2071.80
38,25.243489,39487,1201030,307.75,2035.43,28.528693,35000,1407986,322.14,2117.16,22.922227,43523,1347216,293.30,2080.00
39,45.912951,21815,1222845,309.21,2044.64,25.544842,39200,1447186,323.37,2117.23,22.366291,44035,1391251,294.77,2080.00
40,25.074007,39774,1262619,307.93,2044.90,24.238174,40674,1487860,324.14,2144.55,30.482614,33036,1424287,296.45,2108.21
41,29.291176,34126,1296745,309.04,2046.02,28.820635,34807,1522667,323.07,2144.91,22.584844,44362,1468649,297.44,2142.16
42,29.837341,29661,1326406,310.06,2064.83,27.684748,28191,1550858,323.41,2186.96,26.438835,37849,1506498,298.27,2142.16
43,27.727155,40176,1366582,310.45,2083.32,30.403262,21515,1572373,325.35,2225.12,21.520165,46430,1552928,299.01,2170.99
44,60.883344,16311,1382893,311.77,2112.99,75.498676,20662,1593035,325.45,2250.71,29.135563,34324,1587252,300.00,2172.37
45,26.690700,31175,1414068,309.82,2112.99,28.531587,35274,1628309,326.20,2258.93,21.089143,43675,1630927,299.80,2172.37
46,82.274156,12157,1426225,308.84,2112.99,26.791719,37251,1665560,327.49,2290.43,14.240368,46801,1677728,302.04,2259.04
47,30.557012,38210,1464435,307.48,2133.77,25.948394,38565,1704125,328.15,2294.66,12.888332,11525,1689253,306.21,2294.87
48,32.343649,28115,1492550,308.11,2133.77,22.703464,38511,1742636,329.41,2318.05,2259.028643,326,1689579,308.35,2328.21
49,26.386626,23600,1516150,309.47,2201.17,15.640648,42112,1784748,333.50,2335.98,456.373353,4820,1694399,307.17,2346.19
50,814.049619,1556,1517706,309.56,2244.59,17.514256,37912,1822660,336.69,2367.62,22.556073,36083,1730482,305.82,2383.77
51,673.331969,1523,1519229,306.90,2246.85,211.931086,8415,1831075,334.26,2364.06,20.574602,34713,1765195,310.10,2408.77
52,549.474728,3,1519232,302.26,2246.85,19.239547,3666,1834741,333.66,2390.65,43.848095,39087,1804282,312.62,2403.80
53,0.000000,0,1519232,297.78,2246.85,0.000000,0,1834741,332.55,2411.31,24.650654,42621,1846903,313.95,2402.88
54,0.000000,0,1519232,293.05,2247.93,196.229839,14927,1849668,329.33,2412.11,25.307827,39585,1886488,315.06,2401.22
55,0.000000,0,1519232,288.45,2249.03,29.208984,34225,1883893,329.18,2414.19,27.378456,36552,1923040,316.03,2401.63
56,0.000000,0,1519232,284.73,2249.19,24.663658,40644,1924537,329.60,2400.39,21.303677,46871,1969911,317.23,2402.40
57,0.000000,0,1519232,280.23,2248.77,30.604955,32429,1956966,329.69,2391.13,26.116929,29662,,,
58,0.000000,0,1519232,276.40,2248.38,27.680289,36010,1992976,330.41,2391.30,,,,,
59,0.000000,0,1519232,273.20,2248.36,21.350372,6555,,,,,,,,
60,0.000000,0,1519232,270.01,2249.26,,,,,,,,,,
61,0.000000,0,1519232,266.08,2249.26,,,,,,,,,,
62,0.000000,0,1519232,262.37,2248.89,,,,,,,,,,
63,0.000000,0,1519232,259.01,2249.48,,,,,,,,,,
64,0.000000,0,1519232,255.25,2249.25,,,,,,,,,,
65,0.000000,0,1519232,252.16,2249.03,,,,,,,,,,
66,0.000000,0,1519232,249.29,2243.79,,,,,,,,,,
67,0.000000,0,1519232,247.08,2242.41,,,,,,,,,,
68,0.000000,0,1519232,244.98,2242.41,,,,,,,,,,
69,0.000000,0,1519232,242.32,2240.54,,,,,,,,,,
70,0.000000,0,1519232,239.56,2240.54,,,,,,,,,,
71,0.000000,0,1519232,237.38,2240.37,,,,,,,,,,
72,0.000000,0,1519232,235.47,2241.90,,,,,,,,,,
73,0.000000,0,1519232,232.68,2244.51,,,,,,,,,,
74,0.000000,0,1519232,229.80,2244.61,,,,,,,,,,
75,0.000000,0,1519232,227.29,2244.61,,,,,,,,,,
76,0.000000,0,1519232,224.98,2248.97,,,,,,,,,,
77,0.000000,0,1519232,223.08,2249.06,,,,,,,,,,
78,0.000000,0,1519232,220.94,2247.24,,,,,,,,,,
79,0.000000,0,1519232,218.58,2245.84,,,,,,,,,,
80,0.000000,0,1519232,215.79,2245.88,,,,,,,,,,
81,0.000000,0,1519232,213.51,2245.88,,,,,,,,,,
82,0.000000,0,1519232,211.26,2245.88,,,,,,,,,,
83,0.000000,0,1519232,209.52,2245.75,,,,,,,,,,
84,0.000000,0,1519232,207.90,2245.40,,,,,,,,,,
85,0.000000,0,1519232,206.02,2245.35,,,,,,,,,,
86,0.000000,0,1519232,204.16,2245.96,,,,,,,,,,
87,0.000000,0,1519232,202.15,2247.90,,,,,,,,,,
88,0.000000,0,1519232,200.11,2245.57,,,,,,,,,,
89,0.000000,0,1519232,197.93,2245.57,,,,,,,,,,
90,0.000000,0,1519232,196.37,2245.57,,,,,,,,,,
91,0.000000,0,1519232,194.92,2245.57,,,,,,,,,,
92,101.517043,28128,1547360,194.61,2247.98,,,,,,,,,,
93,25.067138,26551,1573911,195.17,2256.06,,,,,,,,,,
94,18.776173,35347,1609258,196.64,2290.33,,,,,,,,,,
95,24.564918,22680,1631938,198.24,2315.37,,,,,,,,,,
96,0.000000,0,1631938,198.25,2315.37,,,,,,,,,,
97,0.000000,0,1631938,198.38,2419.96,,,,,,,,,,
98,0.000000,0,1631938,199.51,2496.51,,,,,,,,,,
99,0.000000,0,1631938,198.41,2482.49,,,,,,,,,,
100,129.993754,10788,1642726,197.61,2482.49,,,,,,,,,,
101,15.438066,22103,1664829,198.48,2484.54,,,,,,,,,,
102,0.000000,0,1664829,199.44,2515.04,,,,,,,,,,
103,179.989802,7634,1672463,199.30,2534.92,,,,,,,,,,
104,23.644769,27636,1700099,199.44,2535.36,,,,,,,,,,
105,18.771280,36128,1736227,202.22,2543.15,,,,,,,,,,
106,18.797943,35438,1771665,204.60,2541.77,,,,,,,,,,
107,19.362187,33904,1805569,205.60,2554.90,,,,,,,,,,
108,19.932268,29415,1834984,206.53,2550.66,,,,,,,,,,
109,0.000000,0,1834984,207.59,2588.58,,,,,,,,,,
110,0.000000,0,1834984,208.71,2598.24,,,,,,,,,,
111,139.863573,14906,1849890,208.69,2605.95,,,,,,,,,,
112,19.775693,33636,1883526,210.68,2610.93,,,,,,,,,,
113,42.652772,23968,1907494,212.21,2610.74,,,,,,,,,,
114,29.861825,34602,1942096,214.05,2613.63,,,,,,,,,,
115,24.821187,33233,,,,,,,,,,,,,
