second,avg_latency_ms_etcd_v2,throughput_etcd_v2,cumulative_throughput_etcd_v2,avg_cpu_etcd_v2,avg_memory_mb_etcd_v2
0,34.203258,18597,18597,2.56,22.19
1,39.217274,22411,41008,55.02,110.73
2,43.323664,19772,60780,95.20,178.65
3,47.948399,20143,80923,133.46,266.81
4,48.371202,19938,100861,165.68,376.85
5,116.881637,4287,105148,192.66,424.86
6,362.689739,1605,106753,192.10,568.95
7,354.477889,1182,107935,182.60,571.08
8,453.747918,1143,109078,174.53,571.08
9,272.998507,1728,110806,166.89,571.08
10,379.151638,1253,112059,161.87,572.94
11,383.109803,1641,113700,162.89,630.75
12,448.010904,1226,114926,157.58,630.75
13,273.493091,1422,116348,152.42,630.75
14,501.568669,1194,117542,147.78,630.75
15,362.236266,1412,118954,143.66,630.75
16,434.429581,1441,120395,140.05,630.84
17,391.065647,1404,121799,136.97,631.00
18,410.034598,1145,122944,138.54,639.72
19,466.959762,730,123674,136.24,656.03
20,656.698958,315,123989,132.38,656.03
21,902.580544,367,124356,128.53,656.03
22,701.350454,379,124735,124.78,656.03
23,517.246658,238,124973,121.49,656.11
24,576.011265,102,125075,118.13,656.22
25,1395.858476,205,125280,114.87,656.22
26,1132.561349,78,125358,111.78,656.22
27,936.984817,30,125388,108.69,656.22
28,1888.039621,5,125393,105.71,656.22
29,789.133359,79,125472,102.86,656.22
30,127.594331,34,125506,100.39,656.22
31,957.946330,4,125510,97.79,656.22
32,0.000000,0,125510,95.32,656.22
33,300.669119,24,125534,93.01,656.22
34,0.000000,0,125534,90.85,658.33
35,2220.869611,1,125535,88.70,658.33
36,1969.999772,1,125536,86.68,658.33
37,0.000000,0,125536,84.78,658.33
38,0.000000,0,125536,82.93,658.33
39,0.000000,0,125536,81.15,658.33
40,0.000000,0,125536,79.47,658.33
41,0.000000,0,125536,77.84,658.33
42,0.000000,0,125536,76.31,658.33
43,0.000000,0,125536,74.80,658.33
44,0.000000,0,125536,73.38,658.36
45,0.000000,0,125536,71.99,658.36
46,0.000000,0,125536,70.68,658.36
47,0.000000,0,125536,69.40,658.36
48,0.000000,0,125536,68.19,658.36
49,0.000000,0,125536,66.98,658.36
50,0.000000,0,125536,65.84,658.36
51,0.000000,0,125536,64.74,658.36
52,0.000000,0,125536,63.67,658.36
53,0.000000,0,125536,62.63,658.36
54,0.000000,0,125536,61.63,658.36
55,0.000000,0,125536,60.68,658.36
56,0.000000,0,125536,59.73,658.36
57,0.000000,0,125536,58.83,658.36
58,0.000000,0,125536,57.95,658.96
59,0.000000,0,125536,57.10,658.96
60,95.253291,7993,133529,56.43,658.96
61,48.052612,17836,151365,60.74,660.28
62,74.518017,13940,165305,67.43,748.00
63,62.930890,15292,180597,74.17,862.19
64,75.065820,11212,191809,80.73,915.82
65,74.923691,14155,205964,87.14,989.36
66,80.495028,12060,218024,93.42,1003.04
67,99.562133,10515,228539,99.40,1035.84
68,117.570793,7462,236001,105.37,1145.96
69,130.148535,6018,242019,109.80,1315.41
70,120.192416,5149,247168,112.78,1439.82
71,354.790805,1718,248886,115.62,1543.12
72,425.049347,1718,250604,116.70,1543.12
73,325.476083,1643,252247,116.49,1568.35
74,384.348512,1179,253426,116.59,1568.43
75,404.625396,1393,254819,117.21,1568.60
76,337.039483,1085,255904,118.18,1568.60
77,470.152599,1120,257024,117.34,1568.60
78,445.292592,1404,258428,116.60,1568.60
79,511.246509,868,259296,115.89,1568.60
80,685.638887,309,259605,114.94,1568.60
81,742.089372,450,260055,113.89,1568.60
82,508.699434,307,260362,112.81,1568.60
83,569.548273,353,260715,111.90,1568.60
84,826.076962,140,260855,110.88,1568.60
85,543.485166,251,261106,109.88,1568.60
86,965.674302,143,261249,108.87,1568.60
87,1644.401208,25,261274,107.78,1568.60
88,575.984174,102,261376,106.75,1568.60
89,683.929345,48,261424,105.73,1568.60
90,236.879433,46,261470,104.69,1568.60
91,290.180991,47,261517,103.66,1568.60
92,358.163660,41,261558,102.71,1568.60
93,1232.673731,6,261564,101.71,1568.60
94,0.000000,0,261564,100.73,1568.60
95,1895.469619,4,261568,99.75,1568.60
96,226.391314,36,261604,98.84,1568.60
97,172.487405,3,261607,97.93,1568.60
98,673.552436,12,261619,97.02,1568.60
99,428.060058,4,261623,96.14,1568.60
100,477.499613,6,261629,95.27,1568.60
101,0.000000,0,261629,94.40,1568.60
102,0.000000,0,261629,93.55,1568.60
103,0.000000,0,261629,92.72,1568.60
104,0.000000,0,261629,91.90,1568.60
105,0.000000,0,261629,91.09,1568.60
106,0.000000,0,261629,90.30,1568.60
107,0.000000,0,261629,89.53,1568.60
108,0.000000,0,261629,88.76,1568.60
109,0.000000,0,261629,88.01,1568.60
110,0.000000,0,261629,87.27,1568.60
111,0.000000,0,261629,86.54,1568.60
112,0.000000,0,261629,85.83,1568.60
113,0.000000,0,261629,85.13,1568.60
114,0.000000,0,261629,84.44,1568.60
115,0.000000,0,261629,83.76,1568.60
116,0.000000,0,261629,83.09,1568.60
117,0.000000,0,261629,82.43,1568.60
118,0.000000,0,261629,81.79,1568.60
119,0.000000,0,261629,81.15,1568.60
120,250.312741,2759,264388,80.63,1568.60
121,58.134217,15740,280128,82.66,1569.03
122,98.127581,10373,290501,86.04,1569.03
123,101.264616,9632,300133,89.57,1586.36
124,87.110929,11082,311215,93.46,1631.47
125,152.977370,6406,317621,97.22,1700.61
126,108.400519,9078,326699,100.99,1777.66
127,119.019501,6736,333435,104.45,1934.23
128,104.971535,9721,343156,108.00,2033.29
129,94.707697,9619,352775,111.47,2033.29
130,113.797390,10342,363117,114.72,2040.88
131,205.042254,5065,368182,117.97,2228.82
132,62.644698,10086,378268,121.43,2248.85
133,174.100003,6043,384311,124.80,2316.39
134,295.431805,2371,386682,127.82,2417.74
135,337.597552,1902,388584,129.54,2524.67
136,506.409562,788,389372,130.99,2632.58
137,792.648613,268,389640,131.61,2707.79
138,751.628664,752,390392,130.95,2707.79
139,368.254714,1691,392083,130.37,2707.79
140,348.867184,1676,393759,130.20,2707.79
141,383.910071,1484,395243,130.30,2707.79
142,282.713891,1100,396343,130.97,2707.79
143,773.854367,398,396741,131.16,2707.79
144,897.548468,3,396744,130.48,2707.79
145,991.625251,25,396769,129.73,2707.79
146,444.790953,784,397553,129.02,2707.79
147,295.342628,663,398216,128.36,2707.79
148,332.609713,836,399052,127.82,2707.79
149,355.682912,966,400018,127.32,2707.79
150,471.599246,627,400645,127.15,2707.79
151,761.326205,665,401310,127.09,2707.79
152,536.456613,561,401871,127.48,2709.84
153,779.544272,286,402157,128.15,2712.73
154,589.899060,243,402400,127.81,2712.73
155,296.824582,42,402442,127.10,2712.73
156,1122.523352,43,402485,126.34,2712.73
157,720.105919,19,402504,125.61,2712.73
158,576.777535,46,402550,124.90,2712.73
159,1024.909022,20,402570,124.18,2712.73
160,1361.508829,8,402578,123.46,2712.73
161,863.083128,19,402597,122.75,2712.73
162,795.863722,19,402616,122.05,2712.73
163,292.648019,8,402624,121.36,2712.73
164,2774.236586,6,402630,120.66,2712.73
165,628.573503,3,,,
