second,avg_latency_ms_etcd_v2,throughput_etcd_v2,cumulative_throughput_etcd_v2,avg_cpu_etcd_v2,avg_memory_mb_etcd_v2
0,36.495977,12141,12141,2.46,20.41
1,36.003163,25082,37223,53.25,123.28
2,42.162643,20173,57396,95.93,187.03
3,48.994078,18456,75852,130.68,273.35
4,50.766837,19417,95269,162.05,370.26
5,72.374869,9669,104938,188.59,417.18
6,378.335685,1405,106343,192.70,529.37
7,484.517463,1392,107735,183.00,529.37
8,442.037008,1691,109426,174.61,529.37
9,326.418333,1789,111215,167.74,529.37
10,502.005867,1086,112301,166.02,529.78
11,455.543107,1471,113772,163.58,573.86
12,496.755555,1363,115135,158.13,573.86
13,401.245583,1044,116179,152.50,573.86
14,374.185151,1512,117691,147.86,573.86
15,488.340493,1204,118895,143.86,573.86
16,296.364883,1850,120745,140.69,573.94
17,399.126466,1216,121961,138.95,574.18
18,358.782338,1479,123440,139.91,635.14
19,450.060595,428,123868,136.40,635.14
20,176.879973,222,124090,132.17,635.14
21,834.323597,71,124161,127.91,635.14
22,886.982493,266,124427,124.18,635.14
23,651.374861,60,124487,120.27,635.14
24,200.593873,30,124517,116.65,637.26
25,153.634311,15,124532,113.12,637.26
26,746.532134,3,124535,109.79,637.26
27,254.427376,20,124555,106.66,637.26
28,2018.520872,1,124556,103.70,637.26
29,0.000000,0,124556,100.84,637.26
30,0.000000,0,124556,98.14,637.26
31,0.000000,0,124556,95.60,637.26
32,0.000000,0,124556,93.22,637.26
33,0.000000,0,124556,90.91,637.26
34,0.000000,0,124556,88.71,637.54
35,0.000000,0,124556,86.64,637.54
36,0.000000,0,124556,84.67,637.54
37,0.000000,0,124556,82.78,637.54
38,0.000000,0,124556,80.96,637.54
39,0.000000,0,124556,79.23,637.54
40,0.000000,0,124556,77.60,637.54
41,0.000000,0,124556,76.00,637.54
42,0.000000,0,124556,74.48,637.54
43,0.000000,0,124556,73.01,637.54
44,0.000000,0,124556,71.61,637.54
45,0.000000,0,124556,70.26,637.54
46,0.000000,0,124556,68.97,637.54
47,0.000000,0,124556,67.71,637.54
48,0.000000,0,124556,66.52,637.54
49,0.000000,0,124556,65.35,637.54
50,0.000000,0,124556,64.24,637.54
51,0.000000,0,124556,63.15,638.01
52,0.000000,0,124556,62.10,638.01
53,0.000000,0,124556,61.10,638.01
54,0.000000,0,124556,60.11,638.01
55,0.000000,0,124556,59.17,638.01
56,0.000000,0,124556,58.26,638.01
57,0.000000,0,124556,57.37,638.01
58,0.000000,0,124556,56.51,638.01
59,0.000000,0,124556,55.68,638.01
60,173.417207,4474,129030,54.87,638.01
61,51.446228,17655,146685,58.91,639.74
62,57.753242,14625,161310,65.24,675.83
63,70.783947,14843,176153,72.07,784.87
64,67.984709,13901,190054,78.69,850.17
65,77.106409,11671,201725,85.37,946.99
66,77.995326,12551,214276,91.71,1086.61
67,83.307681,11742,226018,98.20,1141.78
68,98.355787,8245,234263,104.33,1386.10
69,162.560606,5659,239922,109.24,1592.81
70,446.311110,1491,241413,112.13,1655.41
71,461.340117,1424,242837,112.64,1689.36
72,352.750916,1500,244337,113.69,1696.87
73,349.867741,1315,245652,114.10,1696.87
74,479.171452,1225,246877,114.18,1696.87
75,393.098817,1336,248213,113.71,1696.87
76,313.691629,1479,249692,113.15,1696.87
77,431.625498,1520,251212,112.61,1696.87
78,406.863415,1568,252780,112.16,1697.09
79,556.587265,1000,253780,112.52,1697.18
80,443.639259,620,254400,113.32,1718.35
81,615.660222,462,254862,113.01,1733.43
82,504.042411,1369,256231,112.35,1733.43
83,619.449429,239,256470,111.52,1733.43
84,525.067841,236,256706,110.54,1733.43
85,983.522039,109,256815,109.48,1733.43
86,1566.391745,75,256890,108.35,1733.43
87,1311.354954,23,256913,107.25,1733.43
88,298.627797,54,256967,106.22,1733.43
89,881.715170,2,256969,105.13,1733.43
90,150.772442,10,256979,104.08,1733.43
91,333.265379,5,256984,103.03,1733.43
92,68.955567,24,257008,102.05,1733.43
93,1273.071679,1,257009,101.05,1733.43
94,0.000000,0,257009,100.06,1733.43
95,2574.791867,1,257010,99.10,1733.43
96,0.000000,0,257010,98.15,1733.43
97,0.000000,0,257010,97.22,1733.43
98,0.000000,0,257010,96.32,1733.43
99,0.000000,0,257010,95.43,1733.43
100,0.000000,0,257010,94.55,1733.43
101,0.000000,0,257010,93.69,1733.43
102,0.000000,0,257010,92.85,1733.43
103,0.000000,0,257010,92.02,1733.43
104,0.000000,0,257010,91.20,1733.43
105,0.000000,0,257010,90.40,1733.43
106,0.000000,0,257010,89.62,1733.43
107,0.000000,0,257010,88.85,1733.43
108,0.000000,0,257010,88.09,1733.43
109,0.000000,0,257010,87.34,1733.43
110,0.000000,0,257010,86.61,1733.43
111,0.000000,0,257010,85.89,1733.43
112,0.000000,0,257010,85.19,1733.43
113,0.000000,0,257010,84.50,1733.43
114,0.000000,0,257010,83.81,1733.43
115,0.000000,0,257010,83.14,1733.43
116,0.000000,0,257010,82.47,1733.43
117,0.000000,0,257010,81.82,1733.43
118,0.000000,0,257010,81.18,1733.43
119,0.000000,0,257010,80.55,1733.43
120,148.529306,1736,258746,79.96,1733.43
121,57.106704,13696,272442,81.48,1733.43
122,92.091890,10205,282647,83.97,1737.38
123,97.171909,9576,292223,87.34,1737.38
124,90.025281,10361,302584,90.96,1765.25
125,97.690160,10041,312625,94.59,1767.61
126,103.113483,9960,322585,98.49,1899.96
127,110.174043,9477,332062,102.38,1929.56
128,118.084388,8271,340333,106.10,2007.25
129,137.970711,7922,348255,109.59,2011.20
130,111.524438,7629,355884,113.22,2084.03
131,84.031987,7253,363137,117.13,2127.67
132,201.047150,5454,368591,120.38,2127.91
133,464.653342,1125,369716,122.38,2322.69
134,406.692278,1396,371112,123.84,2413.86
135,445.489875,1485,372597,124.21,2467.22
136,300.795820,1555,374152,124.59,2467.22
137,300.625763,1873,376025,125.03,2467.27
138,481.149295,1154,377179,125.29,2467.27
139,446.421023,1132,378311,125.39,2467.27
140,646.539650,515,378826,124.96,2467.27
141,332.346334,1189,380015,124.42,2467.27
142,345.112213,929,380944,123.91,2467.27
143,511.336542,839,381783,123.53,2467.27
144,776.916344,475,382258,123.28,2467.27
145,732.546524,341,382599,122.86,2467.27
146,968.662200,2,382601,122.53,2467.27
147,730.663072,32,382633,122.56,2467.27
148,479.914155,435,383068,122.32,2467.27
149,485.544181,1320,384388,121.73,2467.27
150,289.853804,525,384913,121.48,2467.27
151,854.823915,470,385383,121.28,2467.27
152,667.723760,281,385664,120.85,2467.27
153,521.694842,365,386029,120.45,2467.27
154,714.823305,292,386321,119.85,2467.27
155,728.630785,225,386546,119.23,2467.27
156,672.574577,359,386905,118.62,2467.27
157,583.079386,98,387003,118.00,2467.27
158,431.795458,146,387149,117.37,2467.27
159,572.835901,287,387436,116.77,2467.27
160,481.844524,200,387636,116.19,2467.27
161,645.743907,203,387839,115.61,2467.27
162,500.088597,361,388200,115.05,2467.27
163,390.060924,191,388391,114.50,2467.27
164,445.911510,129,388520,113.92,2467.27
165,659.363479,167,388687,113.34,2467.27
166,308.116646,95,388782,112.74,2467.27
167,459.970769,11,388793,112.27,2467.27
168,549.515355,28,388821,111.84,2467.27
169,0.000000,0,388821,111.58,2467.27
170,0.000000,0,388821,111.13,2467.27
171,0.000000,0,388821,110.51,2467.27
172,3394.148363,1,388822,109.90,2467.27
173,0.000000,0,388822,109.30,2467.27
174,0.000000,0,388822,108.71,2467.27
175,0.000000,0,388822,108.12,2467.27
176,0.000000,0,388822,107.64,2467.27
177,0.000000,0,388822,107.15,2467.27
178,0.000000,0,388822,106.58,2467.27
179,0.000000,0,388822,106.01,2467.27
180,91.329503,336,389158,105.45,2467.27
181,159.242608,5899,395057,105.07,2467.27
182,65.923824,13990,409047,105.51,2467.27
183,86.872647,8705,417752,106.78,2467.44
184,144.028996,6002,423754,108.99,2467.48
185,134.370841,7143,430897,111.37,2467.57
186,111.119423,9366,440263,113.62,2467.75
187,135.212176,2207,442470,116.34,2467.92
188,54.476679,7559,450029,119.01,2523.00
189,79.762275,8180,458209,121.61,2798.18
190,371.541225,1017,459226,124.27,2798.26
191,135.023988,7094,466320,126.76,2940.45
192,135.261672,7826,474146,129.24,3007.88
193,134.524842,4999,479145,131.40,3180.12
194,78.729849,5779,484924,133.54,3217.94
195,513.651635,663,485587,136.01,3218.74
196,371.721067,1433,487020,137.77,3400.35
197,689.156845,605,487625,139.56,3483.79
198,541.583799,591,488216,140.97,3617.04
199,701.786903,896,489112,141.75,3617.04
200,788.894553,449,489561,142.65,3617.04
201,996.760486,73,489634,142.57,3617.04
202,869.691857,6,489640,142.89,3617.04
203,853.447983,6,489646,142.86,3617.04
204,1135.745476,14,489660,142.77,3617.04
205,0.000000,0,489660,141.89,3617.12
206,0.000000,0,489660,141.21,3617.12
207,0.000000,0,489660,140.65,3617.12
208,0.000000,0,489660,140.21,3617.12
209,393.913945,969,490629,139.75,3617.12
210,386.060921,959,491588,139.30,3617.12
211,160.942772,984,492572,138.80,3617.12
212,310.110937,826,493398,138.37,3617.12
213,289.474153,818,494216,138.03,3617.12
214,593.122815,615,494831,137.71,3617.12
215,379.651309,680,495511,137.54,3617.12
216,275.675886,891,496402,137.44,3617.12
217,431.766483,816,497218,137.17,3617.12
218,234.970362,1082,498300,136.88,3617.12
219,386.664612,602,498902,136.61,3617.12
220,253.594008,993,499895,136.22,3617.12
221,224.453635,950,500845,135.86,3617.12
222,146.757569,1023,501868,135.40,3617.12
223,344.015011,1494,503362,135.28,3617.12
224,380.398471,1112,504474,135.32,3617.12
225,519.232747,1137,505611,135.77,3617.12
226,674.241072,505,506116,135.88,3617.12
227,809.860539,340,506456,136.44,3617.12
228,920.952160,351,506807,136.36,3617.12
229,586.813848,328,507135,136.05,3617.12
230,627.200793,289,507424,135.88,3617.12
231,947.559994,188,507612,135.42,3617.12
232,522.556982,203,507815,134.89,3617.12
233,1370.454635,34,507849,134.36,3617.12
234,948.468170,70,507919,133.79,3617.12
235,876.745149,321,508240,133.25,3617.12
236,658.193103,188,508428,132.76,3617.12
237,1245.303918,12,508440,132.19,3617.12
238,426.839235,54,508494,131.63,3617.12
239,787.805986,5,508499,131.12,3617.12
240,714.510719,180,508679,130.59,3617.12
241,148.222865,4932,513611,130.48,3617.12
242,81.115627,9963,523574,130.96,3617.12
243,111.920547,7222,530796,132.09,3617.12
244,107.694283,4915,535711,133.17,3617.12
245,267.110742,2526,538237,134.36,3617.32
246,94.832450,3982,542219,135.52,3617.52
247,350.776980,1654,543873,136.77,3619.08
248,58.558366,7115,550988,137.75,3619.11
249,73.466069,4995,555983,139.27,3621.32
250,189.576237,3317,559300,140.02,3622.17
251,71.629750,6774,566074,141.59,3622.25
252,151.133957,2306,568380,143.01,3622.51
253,105.579579,7248,575628,144.33,3622.51
254,169.704508,3653,579281,145.42,3622.76
255,448.104074,493,579774,147.17,3622.93
256,119.562003,7815,587589,148.56,3622.93
257,308.480096,1413,589002,150.37,3623.66
258,906.519093,80,589082,151.73,3728.02
259,697.247767,1,,,
